4.00000   7.45192E-16
4.01000   1.12593E-15
4.02000   1.68481E-15
4.03000   2.49748E-15
4.04000   3.66811E-15
4.05000   5.33921E-15
4.06000   7.70337E-15
4.07000   1.10193E-14
4.08000   1.56304E-14
4.09000   2.19900E-14
4.10000   3.06891E-14
4.11000   4.24956E-14
4.12000   5.83939E-14
4.13000   7.96421E-14
4.14000   1.07828E-13
4.15000   1.44950E-13
4.16000   1.93492E-13
4.17000   2.56534E-13
4.18000   3.37848E-13
4.19000   4.42048E-13
4.20000   5.74701E-13
4.21000   7.42531E-13
4.22000   9.53535E-13
4.23000   1.21725E-12
4.24000   1.54487E-12
4.25000   1.94957E-12
4.26000   2.44668E-12
4.27000   3.05388E-12
4.28000   3.79165E-12
4.29000   4.68328E-12
4.30000   5.75541E-12
4.31000   7.03800E-12
4.32000   8.56497E-12
4.33000   1.03740E-11
4.34000   1.25073E-11
4.35000   1.50114E-11
4.36000   1.79376E-11
4.37000   2.13418E-11
4.38000   2.52857E-11
4.39000   2.98351E-11
4.40000   3.50620E-11
4.41000   4.10428E-11
4.42000   4.78599E-11
4.43000   5.56000E-11
4.44000   6.43559E-11
4.45000   7.42237E-11
4.46000   8.53060E-11
4.47000   9.77075E-11
4.48000   1.11539E-10
4.49000   1.26913E-10
4.50000   1.43946E-10
4.51000   1.62757E-10
4.52000   1.83465E-10
4.53000   2.06193E-10
4.54000   2.31064E-10
4.55000   2.58200E-10
4.56000   2.87721E-10
4.57000   3.19750E-10
4.58000   3.54401E-10
4.59000   3.91792E-10
4.60000   4.32031E-10
4.61000   4.75227E-10
4.62000   5.21477E-10
4.63000   5.70882E-10
4.64000   6.23523E-10
4.65000   6.79487E-10
4.66000   7.38842E-10
4.67000   8.01657E-10
4.68000   8.67982E-10
4.69000   9.37868E-10
4.70000   1.01135E-09
4.71000   1.08845E-09
4.72000   1.16918E-09
4.73000   1.25356E-09
4.74000   1.34157E-09
4.75000   1.43319E-09
4.76000   1.52841E-09
4.77000   1.62717E-09
4.78000   1.72943E-09
4.79000   1.83514E-09
4.80000   1.94421E-09
4.81000   2.05657E-09
4.82000   2.17213E-09
4.83000   2.29079E-09
4.84000   2.41244E-09
4.85000   2.53696E-09
4.86000   2.66424E-09
4.87000   2.79413E-09
4.88000   2.92651E-09
4.89000   3.06121E-09
4.90000   3.19811E-09
4.91000   3.33704E-09
4.92000   3.47784E-09
4.93000   3.62034E-09
4.94000   3.76439E-09
4.95000   3.90980E-09
4.96000   4.05642E-09
4.97000   4.20407E-09
4.98000   4.35257E-09
4.99000   4.50176E-09
5.00000   4.65146E-09
5.01000   4.80150E-09
5.02000   4.95170E-09
5.03000   5.10191E-09
5.04000   5.25195E-09
5.05000   5.40167E-09
5.06000   5.55090E-09
5.07000   5.69948E-09
5.08000   5.84727E-09
5.09000   5.99412E-09
5.10000   6.13988E-09
5.11000   6.28441E-09
5.12000   6.42758E-09
5.13000   6.56926E-09
5.14000   6.70933E-09
5.15000   6.84767E-09
5.16000   6.98416E-09
5.17000   7.11871E-09
5.18000   7.25120E-09
5.19000   7.38154E-09
5.20000   7.50965E-09
5.21000   7.63544E-09
5.22000   7.75884E-09
5.23000   7.87975E-09
5.24000   7.99813E-09
5.25000   8.11391E-09
5.26000   8.22704E-09
5.27000   8.33745E-09
5.28000   8.44511E-09
5.29000   8.54998E-09
5.30000   8.65203E-09
5.31000   8.75121E-09
5.32000   8.84750E-09
5.33000   8.94088E-09
5.34000   9.03133E-09
5.35000   9.11883E-09
5.36000   9.20339E-09
5.37000   9.28497E-09
5.38000   9.36360E-09
5.39000   9.43925E-09
5.40000   9.51194E-09
5.41000   9.58168E-09
5.42000   9.64847E-09
5.43000   9.71233E-09
5.44000   9.77327E-09
5.45000   9.83131E-09
5.46000   9.88646E-09
5.47000   9.93876E-09
5.48000   9.98822E-09
5.49000   1.00349E-08
5.50000   1.00787E-08
5.51000   1.01199E-08
5.52000   1.01583E-08
5.53000   1.01940E-08
5.54000   1.02270E-08
5.55000   1.02575E-08
5.56000   1.02853E-08
5.57000   1.03106E-08
5.58000   1.03334E-08
5.59000   1.03538E-08
5.60000   1.03717E-08
5.61000   1.03872E-08
5.62000   1.04003E-08
5.63000   1.04112E-08
5.64000   1.04198E-08
5.65000   1.04261E-08
5.66000   1.04304E-08
5.67000   1.04325E-08
5.68000   1.04325E-08
5.69000   1.04306E-08
5.70000   1.04267E-08
5.71000   1.04209E-08
5.72000   1.04133E-08
5.73000   1.04039E-08
5.74000   1.03928E-08
5.75000   1.03800E-08
5.76000   1.03656E-08
5.77000   1.03496E-08
5.78000   1.03321E-08
5.79000   1.03131E-08
5.80000   1.02927E-08
5.81000   1.02709E-08
5.82000   1.02478E-08
5.83000   1.02235E-08
5.84000   1.01978E-08
5.85000   1.01710E-08
5.86000   1.01431E-08
5.87000   1.01141E-08
5.88000   1.00840E-08
5.89000   1.00528E-08
5.90000   1.00208E-08
5.91000   9.98775E-09
5.92000   9.95384E-09
5.93000   9.91907E-09
5.94000   9.88348E-09
5.95000   9.84712E-09
5.96000   9.81000E-09
5.97000   9.77217E-09
5.98000   9.73366E-09
5.99000   9.69451E-09
6.00000   9.65473E-09
6.01000   9.61437E-09
6.02000   9.57345E-09
6.03000   9.53201E-09
6.04000   9.49008E-09
6.05000   9.44769E-09
6.06000   9.40487E-09
6.07000   9.36166E-09
6.08000   9.31807E-09
6.09000   9.27413E-09
6.10000   9.22989E-09
6.11000   9.18535E-09
6.12000   9.14053E-09
6.13000   9.09548E-09
6.14000   9.05020E-09
6.15000   9.00472E-09
6.16000   8.95905E-09
6.17000   8.91322E-09
6.18000   8.86725E-09
6.19000   8.82116E-09
6.20000   8.77495E-09
6.21000   8.72865E-09
6.22000   8.68227E-09
6.23000   8.63583E-09
6.24000   8.58934E-09
6.25000   8.54282E-09
6.26000   8.49627E-09
6.27000   8.44971E-09
6.28000   8.40315E-09
6.29000   8.35660E-09
6.30000   8.31007E-09
6.31000   8.26357E-09
6.32000   8.21711E-09
6.33000   8.17070E-09
6.34000   8.12434E-09
6.35000   8.07806E-09
6.36000   8.03184E-09
6.37000   7.98570E-09
6.38000   7.93965E-09
6.39000   7.89369E-09
6.40000   7.84783E-09
6.41000   7.80206E-09
6.42000   7.75641E-09
6.43000   7.71087E-09
6.44000   7.66544E-09
6.45000   7.62014E-09
6.46000   7.57496E-09
6.47000   7.52991E-09
6.48000   7.48499E-09
6.49000   7.44021E-09
6.50000   7.39557E-09
6.51000   7.35107E-09
6.52000   7.30671E-09
6.53000   7.26250E-09
6.54000   7.21844E-09
6.55000   7.17453E-09
6.56000   7.13077E-09
6.57000   7.08717E-09
6.58000   7.04372E-09
6.59000   7.00042E-09
6.60000   6.95728E-09
6.61000   6.91429E-09
6.62000   6.87144E-09
6.63000   6.82873E-09
6.64000   6.78617E-09
6.65000   6.74375E-09
6.66000   6.70147E-09
6.67000   6.65934E-09
6.68000   6.61734E-09
6.69000   6.57548E-09
6.70000   6.53376E-09
6.71000   6.49217E-09
6.72000   6.45073E-09
6.73000   6.40941E-09
6.74000   6.36824E-09
6.75000   6.32720E-09
6.76000   6.28630E-09
6.77000   6.24554E-09
6.78000   6.20491E-09
6.79000   6.16441E-09
6.80000   6.12406E-09
6.81000   6.08384E-09
6.82000   6.04376E-09
6.83000   6.00382E-09
6.84000   5.96401E-09
6.85000   5.92435E-09
6.86000   5.88483E-09
6.87000   5.84544E-09
6.88000   5.80620E-09
6.89000   5.76710E-09
6.90000   5.72814E-09
6.91000   5.68932E-09
6.92000   5.65065E-09
6.93000   5.61212E-09
6.94000   5.57374E-09
6.95000   5.53551E-09
6.96000   5.49742E-09
6.97000   5.45948E-09
6.98000   5.42169E-09
6.99000   5.38405E-09
7.00000   5.34656E-09
7.01000   5.30922E-09
7.02000   5.27203E-09
7.03000   5.23500E-09
7.04000   5.19812E-09
7.05000   5.16139E-09
7.06000   5.12482E-09
7.07000   5.08841E-09
7.08000   5.05215E-09
7.09000   5.01605E-09
7.10000   4.98012E-09
7.11000   4.94434E-09
7.12000   4.90872E-09
7.13000   4.87326E-09
7.14000   4.83796E-09
7.15000   4.80283E-09
7.16000   4.76786E-09
7.17000   4.73305E-09
7.18000   4.69841E-09
7.19000   4.66393E-09
7.20000   4.62962E-09
7.21000   4.59547E-09
7.22000   4.56150E-09
7.23000   4.52768E-09
7.24000   4.49404E-09
7.25000   4.46057E-09
7.26000   4.42726E-09
7.27000   4.39413E-09
7.28000   4.36116E-09
7.29000   4.32836E-09
7.30000   4.29574E-09
7.31000   4.26328E-09
7.32000   4.23100E-09
7.33000   4.19889E-09
7.34000   4.16695E-09
7.35000   4.13518E-09
7.36000   4.10359E-09
7.37000   4.07217E-09
7.38000   4.04092E-09
7.39000   4.00984E-09
7.40000   3.97894E-09
7.41000   3.94821E-09
7.42000   3.91766E-09
7.43000   3.88728E-09
7.44000   3.85707E-09
7.45000   3.82704E-09
7.46000   3.79718E-09
7.47000   3.76749E-09
7.48000   3.73798E-09
7.49000   3.70864E-09
7.50000   3.67948E-09
7.51000   3.65049E-09
7.52000   3.62167E-09
7.53000   3.59303E-09
7.54000   3.56456E-09
7.55000   3.53627E-09
7.56000   3.50815E-09
7.57000   3.48020E-09
7.58000   3.45242E-09
7.59000   3.42482E-09
7.60000   3.39739E-09
7.61000   3.37013E-09
7.62000   3.34304E-09
7.63000   3.31612E-09
7.64000   3.28938E-09
7.65000   3.26281E-09
7.66000   3.23641E-09
7.67000   3.21017E-09
7.68000   3.18411E-09
7.69000   3.15822E-09
7.70000   3.13250E-09
7.71000   3.10695E-09
7.72000   3.08156E-09
7.73000   3.05634E-09
7.74000   3.03129E-09
7.75000   3.00641E-09
7.76000   2.98170E-09
7.77000   2.95715E-09
7.78000   2.93277E-09
7.79000   2.90855E-09
7.80000   2.88449E-09
7.81000   2.86060E-09
7.82000   2.83688E-09
7.83000   2.81332E-09
7.84000   2.78992E-09
7.85000   2.76668E-09
7.86000   2.74361E-09
7.87000   2.72069E-09
7.88000   2.69794E-09
7.89000   2.67534E-09
7.90000   2.65291E-09
7.91000   2.63063E-09
7.92000   2.60851E-09
7.93000   2.58655E-09
7.94000   2.56475E-09
7.95000   2.54310E-09
7.96000   2.52161E-09
7.97000   2.50027E-09
7.98000   2.47908E-09
7.99000   2.45805E-09
8.00000   2.43718E-09
