      4.00000  1.25349e-13
      4.01000  1.70240e-13
      4.02000  2.29542e-13
      4.03000  3.07329e-13
      4.04000  4.08645e-13
      4.05000  5.39720e-13
      4.06000  7.08151e-13
      4.07000  9.23197e-13
      4.08000  1.19599e-12
      4.09000  1.53992e-12
      4.10000  1.97086e-12
      4.11000  2.50767e-12
      4.12000  3.17243e-12
      4.13000  3.99103e-12
      4.14000  4.99339e-12
      4.15000  6.21424e-12
      4.16000  7.69317e-12
      4.17000  9.47565e-12
      4.18000  1.16129e-11
      4.19000  1.41631e-11
      4.20000  1.71910e-11
      4.21000  2.07695e-11
      4.22000  2.49788e-11
      4.23000  2.99081e-11
      4.24000  3.56545e-11
      4.25000  4.23252e-11
      4.26000  5.00360e-11
      4.27000  5.89117e-11
      4.28000  6.90880e-11
      4.29000  8.07084e-11
      4.30000  9.39282e-11
      4.31000  1.08909e-10
      4.32000  1.25825e-10
      4.33000  1.44855e-10
      4.34000  1.66190e-10
      4.35000  1.90024e-10
      4.36000  2.16564e-10
      4.37000  2.46016e-10
      4.38000  2.78597e-10
      4.39000  3.14524e-10
      4.40000  3.54021e-10
      4.41000  3.97309e-10
      4.42000  4.44615e-10
      4.43000  4.96160e-10
      4.44000  5.52170e-10
      4.45000  6.12859e-10
      4.46000  6.78445e-10
      4.47000  7.49131e-10
      4.48000  8.25125e-10
      4.49000  9.06610e-10
      4.50000  9.93776e-10
      4.51000  1.08679e-09
      4.52000  1.18580e-09
      4.53000  1.29096e-09
      4.54000  1.40241e-09
      4.55000  1.52024e-09
      4.56000  1.64456e-09
      4.57000  1.77544e-09
      4.58000  1.91294e-09
      4.59000  2.05712e-09
      4.60000  2.20797e-09
      4.61000  2.36552e-09
      4.62000  2.52973e-09
      4.63000  2.70058e-09
      4.64000  2.87799e-09
      4.65000  3.06190e-09
      4.66000  3.25220e-09
      4.67000  3.44878e-09
      4.68000  3.65150e-09
      4.69000  3.86021e-09
      4.70000  4.07473e-09
      4.71000  4.29488e-09
      4.72000  4.52045e-09
      4.73000  4.75122e-09
      4.74000  4.98695e-09
      4.75000  5.22741e-09
      4.76000  5.47233e-09
      4.77000  5.72143e-09
      4.78000  5.97445e-09
      4.79000  6.23109e-09
      4.80000  6.49107e-09
      4.81000  6.75405e-09
      4.82000  7.01977e-09
      4.83000  7.28788e-09
      4.84000  7.55809e-09
      4.85000  7.83007e-09
      4.86000  8.10353e-09
      4.87000  8.37812e-09
      4.88000  8.65356e-09
      4.89000  8.92950e-09
      4.90000  9.20567e-09
      4.91000  9.48175e-09
      4.92000  9.75745e-09
      4.93000  1.00325e-08
      4.94000  1.03065e-08
      4.95000  1.05794e-08
      4.96000  1.08507e-08
      4.97000  1.11203e-08
      4.98000  1.13879e-08
      4.99000  1.16532e-08
      5.00000  1.19160e-08
      5.01000  1.21762e-08
      5.02000  1.24334e-08
      5.03000  1.26876e-08
      5.04000  1.29384e-08
      5.05000  1.31859e-08
      5.06000  1.34297e-08
      5.07000  1.36697e-08
      5.08000  1.39058e-08
      5.09000  1.41378e-08
      5.10000  1.43655e-08
      5.11000  1.45889e-08
      5.12000  1.48078e-08
      5.13000  1.50221e-08
      5.14000  1.52317e-08
      5.15000  1.54365e-08
      5.16000  1.56364e-08
      5.17000  1.58313e-08
      5.18000  1.60212e-08
      5.19000  1.62059e-08
      5.20000  1.63855e-08
      5.21000  1.65598e-08
      5.22000  1.67289e-08
      5.23000  1.68927e-08
      5.24000  1.70511e-08
      5.25000  1.72042e-08
      5.26000  1.73520e-08
      5.27000  1.74943e-08
      5.28000  1.76312e-08
      5.29000  1.77628e-08
      5.30000  1.78890e-08
      5.31000  1.80097e-08
      5.32000  1.81252e-08
      5.33000  1.82352e-08
      5.34000  1.83400e-08
      5.35000  1.84394e-08
      5.36000  1.85336e-08
      5.37000  1.86226e-08
      5.38000  1.87063e-08
      5.39000  1.87849e-08
      5.40000  1.88584e-08
      5.41000  1.89269e-08
      5.42000  1.89904e-08
      5.43000  1.90491e-08
      5.44000  1.91029e-08
      5.45000  1.91521e-08
      5.46000  1.91966e-08
      5.47000  1.92366e-08
      5.48000  1.92722e-08
      5.49000  1.93034e-08
      5.50000  1.93304e-08
      5.51000  1.93532e-08
      5.52000  1.93719e-08
      5.53000  1.93867e-08
      5.54000  1.93976e-08
      5.55000  1.94047e-08
      5.56000  1.94081e-08
      5.57000  1.94080e-08
      5.58000  1.94043e-08
      5.59000  1.93973e-08
      5.60000  1.93869e-08
      5.61000  1.93733e-08
      5.62000  1.93566e-08
      5.63000  1.93369e-08
      5.64000  1.93142e-08
      5.65000  1.92887e-08
      5.66000  1.92604e-08
      5.67000  1.92295e-08
      5.68000  1.91959e-08
      5.69000  1.91599e-08
      5.70000  1.91214e-08
      5.71000  1.90805e-08
      5.72000  1.90374e-08
      5.73000  1.89921e-08
      5.74000  1.89447e-08
      5.75000  1.88953e-08
      5.76000  1.88439e-08
      5.77000  1.87906e-08
      5.78000  1.87355e-08
      5.79000  1.86787e-08
      5.80000  1.86203e-08
      5.81000  1.85603e-08
      5.82000  1.84989e-08
      5.83000  1.84360e-08
      5.84000  1.83719e-08
      5.85000  1.83064e-08
      5.86000  1.82397e-08
      5.87000  1.81720e-08
      5.88000  1.81031e-08
      5.89000  1.80332e-08
      5.90000  1.79624e-08
      5.91000  1.78906e-08
      5.92000  1.78180e-08
      5.93000  1.77447e-08
      5.94000  1.76705e-08
      5.95000  1.75957e-08
      5.96000  1.75202e-08
      5.97000  1.74441e-08
      5.98000  1.73674e-08
      5.99000  1.72902e-08
      6.00000  1.72125e-08
      6.01000  1.71343e-08
      6.02000  1.70557e-08
      6.03000  1.69768e-08
      6.04000  1.68974e-08
      6.05000  1.68177e-08
      6.06000  1.67378e-08
      6.07000  1.66576e-08
      6.08000  1.65771e-08
      6.09000  1.64964e-08
      6.10000  1.64155e-08
      6.11000  1.63344e-08
      6.12000  1.62532e-08
      6.13000  1.61719e-08
      6.14000  1.60904e-08
      6.15000  1.60089e-08
      6.16000  1.59272e-08
      6.17000  1.58456e-08
      6.18000  1.57638e-08
      6.19000  1.56821e-08
      6.20000  1.56003e-08
      6.21000  1.55186e-08
      6.22000  1.54368e-08
      6.23000  1.53551e-08
      6.24000  1.52735e-08
      6.25000  1.51918e-08
      6.26000  1.51103e-08
      6.27000  1.50288e-08
      6.28000  1.49474e-08
      6.29000  1.48661e-08
      6.30000  1.47848e-08
      6.31000  1.47037e-08
      6.32000  1.46226e-08
      6.33000  1.45416e-08
      6.34000  1.44607e-08
      6.35000  1.43798e-08
      6.36000  1.42991e-08
      6.37000  1.42184e-08
      6.38000  1.41379e-08
      6.39000  1.40574e-08
      6.40000  1.39770e-08
      6.41000  1.38968e-08
      6.42000  1.38166e-08
      6.43000  1.37365e-08
      6.44000  1.36565e-08
      6.45000  1.35767e-08
      6.46000  1.34969e-08
      6.47000  1.34173e-08
      6.48000  1.33378e-08
      6.49000  1.32584e-08
      6.50000  1.31791e-08
      6.51000  1.31000e-08
      6.52000  1.30210e-08
      6.53000  1.29421e-08
      6.54000  1.28634e-08
      6.55000  1.27848e-08
      6.56000  1.27063e-08
      6.57000  1.26281e-08
      6.58000  1.25499e-08
      6.59000  1.24719e-08
      6.60000  1.23941e-08
      6.61000  1.23165e-08
      6.62000  1.22390e-08
      6.63000  1.21617e-08
      6.64000  1.20846e-08
      6.65000  1.20077e-08
      6.66000  1.19309e-08
      6.67000  1.18543e-08
      6.68000  1.17780e-08
      6.69000  1.17018e-08
      6.70000  1.16258e-08
      6.71000  1.15501e-08
      6.72000  1.14745e-08
      6.73000  1.13992e-08
      6.74000  1.13241e-08
      6.75000  1.12492e-08
      6.76000  1.11745e-08
      6.77000  1.11001e-08
      6.78000  1.10259e-08
      6.79000  1.09519e-08
      6.80000  1.08782e-08
      6.81000  1.08047e-08
      6.82000  1.07314e-08
      6.83000  1.06584e-08
      6.84000  1.05857e-08
      6.85000  1.05132e-08
      6.86000  1.04410e-08
      6.87000  1.03690e-08
      6.88000  1.02973e-08
      6.89000  1.02259e-08
      6.90000  1.01547e-08
      6.91000  1.00838e-08
      6.92000  1.00132e-08
      6.93000  9.94287e-09
      6.94000  9.87281e-09
      6.95000  9.80305e-09
      6.96000  9.73357e-09
      6.97000  9.66437e-09
      6.98000  9.59547e-09
      6.99000  9.52687e-09
      7.00000  9.45855e-09
      7.01000  9.39054e-09
      7.02000  9.32283e-09
      7.03000  9.25542e-09
      7.04000  9.18831e-09
      7.05000  9.12151e-09
      7.06000  9.05501e-09
      7.07000  8.98883e-09
      7.08000  8.92296e-09
      7.09000  8.85739e-09
      7.10000  8.79215e-09
      7.11000  8.72722e-09
      7.12000  8.66261e-09
      7.13000  8.59831e-09
      7.14000  8.53433e-09
      7.15000  8.47068e-09
      7.16000  8.40735e-09
      7.17000  8.34434e-09
      7.18000  8.28166e-09
      7.19000  8.21930e-09
      7.20000  8.15727e-09
      7.21000  8.09556e-09
      7.22000  8.03418e-09
      7.23000  7.97313e-09
      7.24000  7.91241e-09
      7.25000  7.85202e-09
      7.26000  7.79196e-09
      7.27000  7.73223e-09
      7.28000  7.67284e-09
      7.29000  7.61377e-09
      7.30000  7.55503e-09
      7.31000  7.49663e-09
      7.32000  7.43857e-09
      7.33000  7.38083e-09
      7.34000  7.32343e-09
      7.35000  7.26636e-09
      7.36000  7.20963e-09
      7.37000  7.15322e-09
      7.38000  7.09715e-09
      7.39000  7.04142e-09
      7.40000  6.98602e-09
      7.41000  6.93095e-09
      7.42000  6.87622e-09
      7.43000  6.82181e-09
      7.44000  6.76774e-09
      7.45000  6.71401e-09
      7.46000  6.66060e-09
      7.47000  6.60752e-09
      7.48000  6.55478e-09
      7.49000  6.50237e-09
      7.50000  6.45029e-09
      7.51000  6.39853e-09
      7.52000  6.34711e-09
      7.53000  6.29602e-09
      7.54000  6.24525e-09
      7.55000  6.19481e-09
      7.56000  6.14469e-09
      7.57000  6.09491e-09
      7.58000  6.04545e-09
      7.59000  5.99631e-09
      7.60000  5.94750e-09
      7.61000  5.89901e-09
      7.62000  5.85085e-09
      7.63000  5.80300e-09
      7.64000  5.75548e-09
      7.65000  5.70827e-09
      7.66000  5.66139e-09
      7.67000  5.61482e-09
      7.68000  5.56857e-09
      7.69000  5.52264e-09
      7.70000  5.47703e-09
      7.71000  5.43172e-09
      7.72000  5.38673e-09
      7.73000  5.34205e-09
      7.74000  5.29769e-09
      7.75000  5.25363e-09
      7.76000  5.20988e-09
      7.77000  5.16644e-09
      7.78000  5.12331e-09
      7.79000  5.08048e-09
      7.80000  5.03795e-09
      7.81000  4.99573e-09
      7.82000  4.95381e-09
      7.83000  4.91219e-09
      7.84000  4.87087e-09
      7.85000  4.82985e-09
      7.86000  4.78912e-09
      7.87000  4.74869e-09
      7.88000  4.70855e-09
      7.89000  4.66871e-09
      7.90000  4.62915e-09
      7.91000  4.58989e-09
      7.92000  4.55092e-09
      7.93000  4.51223e-09
      7.94000  4.47383e-09
      7.95000  4.43571e-09
      7.96000  4.39787e-09
      7.97000  4.36032e-09
      7.98000  4.32305e-09
      7.99000  4.28605e-09
      8.00000  4.24934e-09
