4.00000   1.29295E-13
4.01000   1.75476E-13
4.02000   2.36438E-13
4.03000   3.16349E-13
4.04000   4.20362E-13
4.05000   5.54837E-13
4.06000   7.27528E-13
4.07000   9.47876E-13
4.08000   1.22722E-12
4.09000   1.57921E-12
4.10000   2.01999E-12
4.11000   2.56874E-12
4.12000   3.24790E-12
4.13000   4.08380E-12
4.14000   5.10678E-12
4.15000   6.35210E-12
4.16000   7.85992E-12
4.17000   9.67632E-12
4.18000   1.18532E-11
4.19000   1.44494E-11
4.20000   1.75305E-11
4.21000   2.11703E-11
4.22000   2.54497E-11
4.23000   3.04589E-11
4.24000   3.62961E-11
4.25000   4.30694E-11
4.26000   5.08955E-11
4.27000   5.99005E-11
4.28000   7.02210E-11
4.29000   8.20017E-11
4.30000   9.53987E-11
4.31000   1.10575E-10
4.32000   1.27705E-10
4.33000   1.46970E-10
4.34000   1.68561E-10
4.35000   1.92673E-10
4.36000   2.19514E-10
4.37000   2.49290E-10
4.38000   2.82220E-10
4.39000   3.18521E-10
4.40000   3.58417E-10
4.41000   4.02129E-10
4.42000   4.49886E-10
4.43000   5.01907E-10
4.44000   5.58419E-10
4.45000   6.19636E-10
4.46000   6.85776E-10
4.47000   7.57041E-10
4.48000   8.33637E-10
4.49000   9.15749E-10
4.50000   1.00356E-09
4.51000   1.09725E-09
4.52000   1.19695E-09
4.53000   1.30283E-09
4.54000   1.41500E-09
4.55000   1.53358E-09
4.56000   1.65865E-09
4.57000   1.79031E-09
4.58000   1.92860E-09
4.59000   2.07357E-09
4.60000   2.22523E-09
4.61000   2.38359E-09
4.62000   2.54861E-09
4.63000   2.72027E-09
4.64000   2.89850E-09
4.65000   3.08322E-09
4.66000   3.27433E-09
4.67000   3.47171E-09
4.68000   3.67522E-09
4.69000   3.88472E-09
4.70000   4.10001E-09
4.71000   4.32092E-09
4.72000   4.54722E-09
4.73000   4.77872E-09
4.74000   5.01515E-09
4.75000   5.25630E-09
4.76000   5.50189E-09
4.77000   5.75163E-09
4.78000   6.00526E-09
4.79000   6.26249E-09
4.80000   6.52303E-09
4.81000   6.78655E-09
4.82000   7.05278E-09
4.83000   7.32137E-09
4.84000   7.59203E-09
4.85000   7.86443E-09
4.86000   8.13827E-09
4.87000   8.41322E-09
4.88000   8.68899E-09
4.89000   8.96523E-09
4.90000   9.24167E-09
4.91000   9.51798E-09
4.92000   9.79388E-09
4.93000   1.00691E-08
4.94000   1.03433E-08
4.95000   1.06162E-08
4.96000   1.08877E-08
4.97000   1.11573E-08
4.98000   1.14249E-08
4.99000   1.16902E-08
5.00000   1.19530E-08
5.01000   1.22131E-08
5.02000   1.24703E-08
5.03000   1.27243E-08
5.04000   1.29751E-08
5.05000   1.32223E-08
5.06000   1.34660E-08
5.07000   1.37058E-08
5.08000   1.39417E-08
5.09000   1.41734E-08
5.10000   1.44009E-08
5.11000   1.46241E-08
5.12000   1.48427E-08
5.13000   1.50567E-08
5.14000   1.52660E-08
5.15000   1.54704E-08
5.16000   1.56700E-08
5.17000   1.58645E-08
5.18000   1.60540E-08
5.19000   1.62384E-08
5.20000   1.64176E-08
5.21000   1.65915E-08
5.22000   1.67602E-08
5.23000   1.69236E-08
5.24000   1.70816E-08
5.25000   1.72343E-08
5.26000   1.73815E-08
5.27000   1.75234E-08
5.28000   1.76599E-08
5.29000   1.77910E-08
5.30000   1.79168E-08
5.31000   1.80371E-08
5.32000   1.81521E-08
5.33000   1.82617E-08
5.34000   1.83660E-08
5.35000   1.84650E-08
5.36000   1.85587E-08
5.37000   1.86472E-08
5.38000   1.87305E-08
5.39000   1.88087E-08
5.40000   1.88817E-08
5.41000   1.89497E-08
5.42000   1.90128E-08
5.43000   1.90710E-08
5.44000   1.91244E-08
5.45000   1.91732E-08
5.46000   1.92173E-08
5.47000   1.92568E-08
5.48000   1.92920E-08
5.49000   1.93228E-08
5.50000   1.93493E-08
5.51000   1.93717E-08
5.52000   1.93901E-08
5.53000   1.94044E-08
5.54000   1.94149E-08
5.55000   1.94217E-08
5.56000   1.94247E-08
5.57000   1.94242E-08
5.58000   1.94202E-08
5.59000   1.94127E-08
5.60000   1.94020E-08
5.61000   1.93881E-08
5.62000   1.93710E-08
5.63000   1.93510E-08
5.64000   1.93280E-08
5.65000   1.93021E-08
5.66000   1.92735E-08
5.67000   1.92422E-08
5.68000   1.92084E-08
5.69000   1.91720E-08
5.70000   1.91332E-08
5.71000   1.90921E-08
5.72000   1.90487E-08
5.73000   1.90031E-08
5.74000   1.89554E-08
5.75000   1.89057E-08
5.76000   1.88540E-08
5.77000   1.88005E-08
5.78000   1.87452E-08
5.79000   1.86881E-08
5.80000   1.86295E-08
5.81000   1.85693E-08
5.82000   1.85076E-08
5.83000   1.84445E-08
5.84000   1.83801E-08
5.85000   1.83144E-08
5.86000   1.82475E-08
5.87000   1.81796E-08
5.88000   1.81105E-08
5.89000   1.80404E-08
5.90000   1.79694E-08
5.91000   1.78975E-08
5.92000   1.78247E-08
5.93000   1.77511E-08
5.94000   1.76768E-08
5.95000   1.76018E-08
5.96000   1.75261E-08
5.97000   1.74499E-08
5.98000   1.73730E-08
5.99000   1.72957E-08
6.00000   1.72178E-08
6.01000   1.71395E-08
6.02000   1.70608E-08
6.03000   1.69817E-08
6.04000   1.69022E-08
6.05000   1.68224E-08
6.06000   1.67423E-08
6.07000   1.66620E-08
6.08000   1.65813E-08
6.09000   1.65005E-08
6.10000   1.64195E-08
6.11000   1.63384E-08
6.12000   1.62570E-08
6.13000   1.61756E-08
6.14000   1.60940E-08
6.15000   1.60124E-08
6.16000   1.59307E-08
6.17000   1.58489E-08
6.18000   1.57671E-08
6.19000   1.56852E-08
6.20000   1.56034E-08
6.21000   1.55216E-08
6.22000   1.54397E-08
6.23000   1.53579E-08
6.24000   1.52762E-08
6.25000   1.51945E-08
6.26000   1.51129E-08
6.27000   1.50313E-08
6.28000   1.49498E-08
6.29000   1.48684E-08
6.30000   1.47871E-08
6.31000   1.47059E-08
6.32000   1.46248E-08
6.33000   1.45437E-08
6.34000   1.44627E-08
6.35000   1.43818E-08
6.36000   1.43010E-08
6.37000   1.42203E-08
6.38000   1.41397E-08
6.39000   1.40592E-08
6.40000   1.39788E-08
6.41000   1.38984E-08
6.42000   1.38182E-08
6.43000   1.37381E-08
6.44000   1.36581E-08
6.45000   1.35782E-08
6.46000   1.34984E-08
6.47000   1.34187E-08
6.48000   1.33392E-08
6.49000   1.32597E-08
6.50000   1.31804E-08
6.51000   1.31012E-08
6.52000   1.30222E-08
6.53000   1.29433E-08
6.54000   1.28645E-08
6.55000   1.27859E-08
6.56000   1.27074E-08
6.57000   1.26291E-08
6.58000   1.25509E-08
6.59000   1.24729E-08
6.60000   1.23951E-08
6.61000   1.23174E-08
6.62000   1.22399E-08
6.63000   1.21626E-08
6.64000   1.20855E-08
6.65000   1.20085E-08
6.66000   1.19317E-08
6.67000   1.18551E-08
6.68000   1.17787E-08
6.69000   1.17026E-08
6.70000   1.16266E-08
6.71000   1.15508E-08
6.72000   1.14752E-08
6.73000   1.13999E-08
6.74000   1.13247E-08
6.75000   1.12498E-08
6.76000   1.11751E-08
6.77000   1.11007E-08
6.78000   1.10264E-08
6.79000   1.09524E-08
6.80000   1.08787E-08
6.81000   1.08052E-08
6.82000   1.07319E-08
6.83000   1.06589E-08
6.84000   1.05862E-08
6.85000   1.05137E-08
6.86000   1.04414E-08
6.87000   1.03694E-08
6.88000   1.02977E-08
6.89000   1.02263E-08
6.90000   1.01551E-08
6.91000   1.00842E-08
6.92000   1.00136E-08
6.93000   9.94323E-09
6.94000   9.87317E-09
6.95000   9.80339E-09
6.96000   9.73390E-09
6.97000   9.66469E-09
6.98000   9.59578E-09
6.99000   9.52717E-09
7.00000   9.45885E-09
7.01000   9.39082E-09
7.02000   9.32310E-09
7.03000   9.25569E-09
7.04000   9.18857E-09
7.05000   9.12176E-09
7.06000   9.05526E-09
7.07000   8.98907E-09
7.08000   8.92319E-09
7.09000   8.85762E-09
7.10000   8.79237E-09
7.11000   8.72743E-09
7.12000   8.66281E-09
7.13000   8.59851E-09
7.14000   8.53453E-09
7.15000   8.47087E-09
7.16000   8.40753E-09
7.17000   8.34452E-09
7.18000   8.28183E-09
7.19000   8.21947E-09
7.20000   8.15743E-09
7.21000   8.09571E-09
7.22000   8.03433E-09
7.23000   7.97328E-09
7.24000   7.91255E-09
7.25000   7.85216E-09
7.26000   7.79209E-09
7.27000   7.73236E-09
7.28000   7.67296E-09
7.29000   7.61389E-09
7.30000   7.55515E-09
7.31000   7.49675E-09
7.32000   7.43868E-09
7.33000   7.38094E-09
7.34000   7.32353E-09
7.35000   7.26646E-09
7.36000   7.20972E-09
7.37000   7.15332E-09
7.38000   7.09725E-09
7.39000   7.04151E-09
7.40000   6.98611E-09
7.41000   6.93103E-09
7.42000   6.87630E-09
7.43000   6.82189E-09
7.44000   6.76782E-09
7.45000   6.71408E-09
7.46000   6.66067E-09
7.47000   6.60759E-09
7.48000   6.55485E-09
7.49000   6.50244E-09
7.50000   6.45035E-09
7.51000   6.39859E-09
7.52000   6.34717E-09
7.53000   6.29607E-09
7.54000   6.24530E-09
7.55000   6.19486E-09
7.56000   6.14475E-09
7.57000   6.09496E-09
7.58000   6.04550E-09
7.59000   5.99636E-09
7.60000   5.94755E-09
7.61000   5.89906E-09
7.62000   5.85089E-09
7.63000   5.80304E-09
7.64000   5.75552E-09
7.65000   5.70831E-09
7.66000   5.66143E-09
7.67000   5.61486E-09
7.68000   5.56861E-09
7.69000   5.52268E-09
7.70000   5.47706E-09
7.71000   5.43175E-09
7.72000   5.38676E-09
7.73000   5.34208E-09
7.74000   5.29772E-09
7.75000   5.25366E-09
7.76000   5.20991E-09
7.77000   5.16647E-09
7.78000   5.12334E-09
7.79000   5.08050E-09
7.80000   5.03798E-09
7.81000   4.99576E-09
7.82000   4.95384E-09
7.83000   4.91221E-09
7.84000   4.87089E-09
7.85000   4.82987E-09
7.86000   4.78914E-09
7.87000   4.74871E-09
7.88000   4.70857E-09
7.89000   4.66873E-09
7.90000   4.62917E-09
7.91000   4.58991E-09
7.92000   4.55093E-09
7.93000   4.51225E-09
7.94000   4.47384E-09
7.95000   4.43572E-09
7.96000   4.39789E-09
7.97000   4.36033E-09
7.98000   4.32306E-09
7.99000   4.28607E-09
8.00000   4.24935E-09
