      4.00000  2.43658e-13
      4.01000  3.16743e-13
      4.02000  4.09264e-13
      4.03000  5.25703e-13
      4.04000  6.71379e-13
      4.05000  8.52617e-13
      4.06000  1.07683e-12
      4.07000  1.35273e-12
      4.08000  1.69041e-12
      4.09000  2.10161e-12
      4.10000  2.59977e-12
      4.11000  3.20037e-12
      4.12000  3.92094e-12
      4.13000  4.78146e-12
      4.14000  5.80432e-12
      4.15000  7.01483e-12
      4.16000  8.44102e-12
      4.17000  1.01144e-11
      4.18000  1.20693e-11
      4.19000  1.43442e-11
      4.20000  1.69807e-11
      4.21000  2.00248e-11
      4.22000  2.35258e-11
      4.23000  2.75380e-11
      4.24000  3.21191e-11
      4.25000  3.73319e-11
      4.26000  4.32429e-11
      4.27000  4.99231e-11
      4.28000  5.74486e-11
      4.29000  6.58987e-11
      4.30000  7.53587e-11
      4.31000  8.59160e-11
      4.32000  9.76647e-11
      4.33000  1.10700e-10
      4.34000  1.25124e-10
      4.35000  1.41040e-10
      4.36000  1.58557e-10
      4.37000  1.77783e-10
      4.38000  1.98835e-10
      4.39000  2.21827e-10
      4.40000  2.46879e-10
      4.41000  2.74110e-10
      4.42000  3.03644e-10
      4.43000  3.35602e-10
      4.44000  3.70112e-10
      4.45000  4.07293e-10
      4.46000  4.47276e-10
      4.47000  4.90180e-10
      4.48000  5.36133e-10
      4.49000  5.85254e-10
      4.50000  6.37670e-10
      4.51000  6.93496e-10
      4.52000  7.52848e-10
      4.53000  8.15844e-10
      4.54000  8.82599e-10
      4.55000  9.53219e-10
      4.56000  1.02781e-09
      4.57000  1.10647e-09
      4.58000  1.18930e-09
      4.59000  1.27640e-09
      4.60000  1.36785e-09
      4.61000  1.46374e-09
      4.62000  1.56415e-09
      4.63000  1.66916e-09
      4.64000  1.77883e-09
      4.65000  1.89323e-09
      4.66000  2.01242e-09
      4.67000  2.13646e-09
      4.68000  2.26539e-09
      4.69000  2.39926e-09
      4.70000  2.53810e-09
      4.71000  2.68195e-09
      4.72000  2.83084e-09
      4.73000  2.98478e-09
      4.74000  3.14379e-09
      4.75000  3.30790e-09
      4.76000  3.47709e-09
      4.77000  3.65137e-09
      4.78000  3.83073e-09
      4.79000  4.01517e-09
      4.80000  4.20468e-09
      4.81000  4.39921e-09
      4.82000  4.59877e-09
      4.83000  4.80330e-09
      4.84000  5.01279e-09
      4.85000  5.22718e-09
      4.86000  5.44645e-09
      4.87000  5.67053e-09
      4.88000  5.89938e-09
      4.89000  6.13293e-09
      4.90000  6.37114e-09
      4.91000  6.61392e-09
      4.92000  6.86123e-09
      4.93000  7.11297e-09
      4.94000  7.36908e-09
      4.95000  7.62947e-09
      4.96000  7.89407e-09
      4.97000  8.16278e-09
      4.98000  8.43551e-09
      4.99000  8.71216e-09
      5.00000  8.99266e-09
      5.01000  9.27689e-09
      5.02000  9.56475e-09
      5.03000  9.85612e-09
      5.04000  1.01509e-08
      5.05000  1.04490e-08
      5.06000  1.07503e-08
      5.07000  1.10547e-08
      5.08000  1.13620e-08
      5.09000  1.16721e-08
      5.10000  1.19849e-08
      5.11000  1.23004e-08
      5.12000  1.26182e-08
      5.13000  1.29384e-08
      5.14000  1.32608e-08
      5.15000  1.35852e-08
      5.16000  1.39116e-08
      5.17000  1.42397e-08
      5.18000  1.45694e-08
      5.19000  1.49007e-08
      5.20000  1.52332e-08
      5.21000  1.55670e-08
      5.22000  1.59019e-08
      5.23000  1.62376e-08
      5.24000  1.65741e-08
      5.25000  1.69113e-08
      5.26000  1.72489e-08
      5.27000  1.75868e-08
      5.28000  1.79249e-08
      5.29000  1.82629e-08
      5.30000  1.86009e-08
      5.31000  1.89385e-08
      5.32000  1.92757e-08
      5.33000  1.96123e-08
      5.34000  1.99482e-08
      5.35000  2.02831e-08
      5.36000  2.06170e-08
      5.37000  2.09497e-08
      5.38000  2.12811e-08
      5.39000  2.16109e-08
      5.40000  2.19391e-08
      5.41000  2.22655e-08
      5.42000  2.25899e-08
      5.43000  2.29123e-08
      5.44000  2.32325e-08
      5.45000  2.35503e-08
      5.46000  2.38656e-08
      5.47000  2.41782e-08
      5.48000  2.44881e-08
      5.49000  2.47950e-08
      5.50000  2.50990e-08
      5.51000  2.53998e-08
      5.52000  2.56972e-08
      5.53000  2.59913e-08
      5.54000  2.62819e-08
      5.55000  2.65688e-08
      5.56000  2.68520e-08
      5.57000  2.71313e-08
      5.58000  2.74067e-08
      5.59000  2.76780e-08
      5.60000  2.79451e-08
      5.61000  2.82079e-08
      5.62000  2.84664e-08
      5.63000  2.87205e-08
      5.64000  2.89700e-08
      5.65000  2.92150e-08
      5.66000  2.94552e-08
      5.67000  2.96907e-08
      5.68000  2.99214e-08
      5.69000  3.01472e-08
      5.70000  3.03680e-08
      5.71000  3.05838e-08
      5.72000  3.07946e-08
      5.73000  3.10003e-08
      5.74000  3.12008e-08
      5.75000  3.13961e-08
      5.76000  3.15862e-08
      5.77000  3.17710e-08
      5.78000  3.19506e-08
      5.79000  3.21248e-08
      5.80000  3.22937e-08
      5.81000  3.24572e-08
      5.82000  3.26154e-08
      5.83000  3.27682e-08
      5.84000  3.29156e-08
      5.85000  3.30576e-08
      5.86000  3.31942e-08
      5.87000  3.33254e-08
      5.88000  3.34513e-08
      5.89000  3.35718e-08
      5.90000  3.36870e-08
      5.91000  3.37968e-08
      5.92000  3.39013e-08
      5.93000  3.40005e-08
      5.94000  3.40944e-08
      5.95000  3.41832e-08
      5.96000  3.42667e-08
      5.97000  3.43450e-08
      5.98000  3.44182e-08
      5.99000  3.44863e-08
      6.00000  3.45494e-08
      6.01000  3.46074e-08
      6.02000  3.46605e-08
      6.03000  3.47087e-08
      6.04000  3.47520e-08
      6.05000  3.47904e-08
      6.06000  3.48242e-08
      6.07000  3.48532e-08
      6.08000  3.48775e-08
      6.09000  3.48973e-08
      6.10000  3.49125e-08
      6.11000  3.49232e-08
      6.12000  3.49296e-08
      6.13000  3.49315e-08
      6.14000  3.49292e-08
      6.15000  3.49227e-08
      6.16000  3.49120e-08
      6.17000  3.48972e-08
      6.18000  3.48783e-08
      6.19000  3.48555e-08
      6.20000  3.48289e-08
      6.21000  3.47983e-08
      6.22000  3.47641e-08
      6.23000  3.47261e-08
      6.24000  3.46845e-08
      6.25000  3.46394e-08
      6.26000  3.45907e-08
      6.27000  3.45387e-08
      6.28000  3.44833e-08
      6.29000  3.44246e-08
      6.30000  3.43627e-08
      6.31000  3.42977e-08
      6.32000  3.42296e-08
      6.33000  3.41585e-08
      6.34000  3.40845e-08
      6.35000  3.40076e-08
      6.36000  3.39278e-08
      6.37000  3.38454e-08
      6.38000  3.37603e-08
      6.39000  3.36725e-08
      6.40000  3.35823e-08
      6.41000  3.34895e-08
      6.42000  3.33944e-08
      6.43000  3.32969e-08
      6.44000  3.31971e-08
      6.45000  3.30951e-08
      6.46000  3.29909e-08
      6.47000  3.28846e-08
      6.48000  3.27763e-08
      6.49000  3.26660e-08
      6.50000  3.25537e-08
      6.51000  3.24397e-08
      6.52000  3.23237e-08
      6.53000  3.22061e-08
      6.54000  3.20867e-08
      6.55000  3.19657e-08
      6.56000  3.18431e-08
      6.57000  3.17190e-08
      6.58000  3.15933e-08
      6.59000  3.14663e-08
      6.60000  3.13378e-08
      6.61000  3.12081e-08
      6.62000  3.10770e-08
      6.63000  3.09447e-08
      6.64000  3.08112e-08
      6.65000  3.06766e-08
      6.66000  3.05408e-08
      6.67000  3.04040e-08
      6.68000  3.02662e-08
      6.69000  3.01275e-08
      6.70000  2.99878e-08
      6.71000  2.98472e-08
      6.72000  2.97058e-08
      6.73000  2.95636e-08
      6.74000  2.94206e-08
      6.75000  2.92769e-08
      6.76000  2.91325e-08
      6.77000  2.89875e-08
      6.78000  2.88418e-08
      6.79000  2.86956e-08
      6.80000  2.85488e-08
      6.81000  2.84015e-08
      6.82000  2.82537e-08
      6.83000  2.81055e-08
      6.84000  2.79569e-08
      6.85000  2.78079e-08
      6.86000  2.76586e-08
      6.87000  2.75089e-08
      6.88000  2.73589e-08
      6.89000  2.72087e-08
      6.90000  2.70582e-08
      6.91000  2.69076e-08
      6.92000  2.67567e-08
      6.93000  2.66057e-08
      6.94000  2.64546e-08
      6.95000  2.63034e-08
      6.96000  2.61520e-08
      6.97000  2.60006e-08
      6.98000  2.58492e-08
      6.99000  2.56978e-08
      7.00000  2.55464e-08
      7.01000  2.53950e-08
      7.02000  2.52437e-08
      7.03000  2.50925e-08
      7.04000  2.49413e-08
      7.05000  2.47903e-08
      7.06000  2.46394e-08
      7.07000  2.44886e-08
      7.08000  2.43380e-08
      7.09000  2.41876e-08
      7.10000  2.40374e-08
      7.11000  2.38874e-08
      7.12000  2.37376e-08
      7.13000  2.35881e-08
      7.14000  2.34389e-08
      7.15000  2.32900e-08
      7.16000  2.31413e-08
      7.17000  2.29929e-08
      7.18000  2.28449e-08
      7.19000  2.26972e-08
      7.20000  2.25499e-08
      7.21000  2.24029e-08
      7.22000  2.22563e-08
      7.23000  2.21101e-08
      7.24000  2.19643e-08
      7.25000  2.18189e-08
      7.26000  2.16739e-08
      7.27000  2.15293e-08
      7.28000  2.13852e-08
      7.29000  2.12415e-08
      7.30000  2.10983e-08
      7.31000  2.09555e-08
      7.32000  2.08133e-08
      7.33000  2.06715e-08
      7.34000  2.05302e-08
      7.35000  2.03894e-08
      7.36000  2.02491e-08
      7.37000  2.01094e-08
      7.38000  1.99701e-08
      7.39000  1.98314e-08
      7.40000  1.96933e-08
      7.41000  1.95556e-08
      7.42000  1.94186e-08
      7.43000  1.92820e-08
      7.44000  1.91461e-08
      7.45000  1.90107e-08
      7.46000  1.88759e-08
      7.47000  1.87417e-08
      7.48000  1.86080e-08
      7.49000  1.84750e-08
      7.50000  1.83425e-08
      7.51000  1.82106e-08
      7.52000  1.80794e-08
      7.53000  1.79487e-08
      7.54000  1.78187e-08
      7.55000  1.76892e-08
      7.56000  1.75604e-08
      7.57000  1.74322e-08
      7.58000  1.73046e-08
      7.59000  1.71777e-08
      7.60000  1.70514e-08
      7.61000  1.69257e-08
      7.62000  1.68006e-08
      7.63000  1.66762e-08
      7.64000  1.65524e-08
      7.65000  1.64293e-08
      7.66000  1.63068e-08
      7.67000  1.61849e-08
      7.68000  1.60637e-08
      7.69000  1.59431e-08
      7.70000  1.58232e-08
      7.71000  1.57039e-08
      7.72000  1.55853e-08
      7.73000  1.54673e-08
      7.74000  1.53500e-08
      7.75000  1.52333e-08
      7.76000  1.51173e-08
      7.77000  1.50020e-08
      7.78000  1.48873e-08
      7.79000  1.47732e-08
      7.80000  1.46598e-08
      7.81000  1.45471e-08
      7.82000  1.44350e-08
      7.83000  1.43236e-08
      7.84000  1.42128e-08
      7.85000  1.41027e-08
      7.86000  1.39932e-08
      7.87000  1.38844e-08
      7.88000  1.37763e-08
      7.89000  1.36687e-08
      7.90000  1.35619e-08
      7.91000  1.34557e-08
      7.92000  1.33501e-08
      7.93000  1.32452e-08
      7.94000  1.31410e-08
      7.95000  1.30374e-08
      7.96000  1.29344e-08
      7.97000  1.28321e-08
      7.98000  1.27305e-08
      7.99000  1.26294e-08
      8.00000  1.25291e-08
