4.00000   1.97873E-18
4.01000   3.11346E-18
4.02000   4.84759E-18
4.03000   7.47070E-18
4.04000   1.13982E-17
4.05000   1.72213E-17
4.06000   2.57713E-17
4.07000   3.82085E-17
4.08000   5.61330E-17
4.09000   8.17367E-17
4.10000   1.17987E-16
4.11000   1.68879E-16
4.12000   2.39724E-16
4.13000   3.37555E-16
4.14000   4.71569E-16
4.15000   6.53744E-16
4.16000   8.99501E-16
4.17000   1.22863E-15
4.18000   1.66619E-15
4.19000   2.24393E-15
4.20000   3.00148E-15
4.21000   3.98829E-15
4.22000   5.26532E-15
4.23000   6.90763E-15
4.24000   9.00648E-15
4.25000   1.16729E-14
4.26000   1.50402E-14
4.27000   1.92681E-14
4.28000   2.45474E-14
4.29000   3.11028E-14
4.30000   3.92003E-14
4.31000   4.91493E-14
4.32000   6.13125E-14
4.33000   7.61073E-14
4.34000   9.40176E-14
4.35000   1.15594E-13
4.36000   1.41471E-13
4.37000   1.72359E-13
4.38000   2.09071E-13
4.39000   2.52510E-13
4.40000   3.03696E-13
4.41000   3.63755E-13
4.42000   4.33942E-13
4.43000   5.15631E-13
4.44000   6.10340E-13
4.45000   7.19710E-13
4.46000   8.45543E-13
4.47000   9.89761E-13
4.48000   1.15446E-12
4.49000   1.34183E-12
4.50000   1.55427E-12
4.51000   1.79425E-12
4.52000   2.06436E-12
4.53000   2.36736E-12
4.54000   2.70606E-12
4.55000   3.08334E-12
4.56000   3.50212E-12
4.57000   3.96539E-12
4.58000   4.47604E-12
4.59000   5.03700E-12
4.60000   5.65097E-12
4.61000   6.32062E-12
4.62000   7.04838E-12
4.63000   7.83681E-12
4.64000   8.68820E-12
4.65000   9.60478E-12
4.66000   1.05884E-11
4.67000   1.16410E-11
4.68000   1.27638E-11
4.69000   1.39582E-11
4.70000   1.52249E-11
4.71000   1.65645E-11
4.72000   1.79773E-11
4.73000   1.94631E-11
4.74000   2.10214E-11
4.75000   2.26515E-11
4.76000   2.43522E-11
4.77000   2.61218E-11
4.78000   2.79588E-11
4.79000   2.98609E-11
4.80000   3.18259E-11
4.81000   3.38510E-11
4.82000   3.59336E-11
4.83000   3.80706E-11
4.84000   4.02592E-11
4.85000   4.24962E-11
4.86000   4.47789E-11
4.87000   4.71042E-11
4.88000   4.94697E-11
4.89000   5.18728E-11
4.90000   5.43120E-11
4.91000   5.67854E-11
4.92000   5.92918E-11
4.93000   6.18278E-11
4.94000   6.43900E-11
4.95000   6.69746E-11
4.96000   6.95783E-11
4.97000   7.21969E-11
4.98000   7.48272E-11
4.99000   7.74652E-11
5.00000   8.01074E-11
5.01000   8.27500E-11
5.02000   8.53894E-11
5.03000   8.80221E-11
5.04000   9.06447E-11
5.05000   9.32536E-11
5.06000   9.58454E-11
5.07000   9.84168E-11
5.08000   1.00965E-10
5.09000   1.03487E-10
5.10000   1.05978E-10
5.11000   1.08438E-10
5.12000   1.10863E-10
5.13000   1.13250E-10
5.14000   1.15597E-10
5.15000   1.17901E-10
5.16000   1.20161E-10
5.17000   1.22374E-10
5.18000   1.24538E-10
5.19000   1.26651E-10
5.20000   1.28713E-10
5.21000   1.30721E-10
5.22000   1.32673E-10
5.23000   1.34570E-10
5.24000   1.36409E-10
5.25000   1.38189E-10
5.26000   1.39911E-10
5.27000   1.41573E-10
5.28000   1.43175E-10
5.29000   1.44716E-10
5.30000   1.46197E-10
5.31000   1.47616E-10
5.32000   1.48975E-10
5.33000   1.50272E-10
5.34000   1.51509E-10
5.35000   1.52685E-10
5.36000   1.53800E-10
5.37000   1.54856E-10
5.38000   1.55853E-10
5.39000   1.56790E-10
5.40000   1.57670E-10
5.41000   1.58492E-10
5.42000   1.59257E-10
5.43000   1.59966E-10
5.44000   1.60621E-10
5.45000   1.61221E-10
5.46000   1.61768E-10
5.47000   1.62263E-10
5.48000   1.62706E-10
5.49000   1.63100E-10
5.50000   1.63444E-10
5.51000   1.63740E-10
5.52000   1.63989E-10
5.53000   1.64192E-10
5.54000   1.64351E-10
5.55000   1.64466E-10
5.56000   1.64538E-10
5.57000   1.64569E-10
5.58000   1.64560E-10
5.59000   1.64511E-10
5.60000   1.64425E-10
5.61000   1.64301E-10
5.62000   1.64142E-10
5.63000   1.63946E-10
5.64000   1.63714E-10
5.65000   1.63446E-10
5.66000   1.63142E-10
5.67000   1.62802E-10
5.68000   1.62426E-10
5.69000   1.62013E-10
5.70000   1.61563E-10
5.71000   1.61078E-10
5.72000   1.60555E-10
5.73000   1.59996E-10
5.74000   1.59401E-10
5.75000   1.58768E-10
5.76000   1.58099E-10
5.77000   1.57392E-10
5.78000   1.56649E-10
5.79000   1.55869E-10
5.80000   1.55052E-10
5.81000   1.54199E-10
5.82000   1.53308E-10
5.83000   1.52381E-10
5.84000   1.51417E-10
5.85000   1.50417E-10
5.86000   1.49381E-10
5.87000   1.48309E-10
5.88000   1.47201E-10
5.89000   1.46058E-10
5.90000   1.44879E-10
5.91000   1.43666E-10
5.92000   1.42418E-10
5.93000   1.41138E-10
5.94000   1.39828E-10
5.95000   1.38488E-10
5.96000   1.37120E-10
5.97000   1.35727E-10
5.98000   1.34310E-10
5.99000   1.32870E-10
6.00000   1.31409E-10
6.01000   1.29928E-10
6.02000   1.28429E-10
6.03000   1.26913E-10
6.04000   1.25382E-10
6.05000   1.23838E-10
6.06000   1.22281E-10
6.07000   1.20712E-10
6.08000   1.19134E-10
6.09000   1.17547E-10
6.10000   1.15953E-10
6.11000   1.14353E-10
6.12000   1.12747E-10
6.13000   1.11137E-10
6.14000   1.09525E-10
6.15000   1.07911E-10
6.16000   1.06296E-10
6.17000   1.04681E-10
6.18000   1.03067E-10
6.19000   1.01455E-10
6.20000   9.98453E-11
6.21000   9.82396E-11
6.22000   9.66383E-11
6.23000   9.50426E-11
6.24000   9.34533E-11
6.25000   9.18713E-11
6.26000   9.02975E-11
6.27000   8.87329E-11
6.28000   8.71782E-11
6.29000   8.56340E-11
6.30000   8.41012E-11
6.31000   8.25805E-11
6.32000   8.10723E-11
6.33000   7.95773E-11
6.34000   7.80960E-11
6.35000   7.66291E-11
6.36000   7.51768E-11
6.37000   7.37396E-11
6.38000   7.23179E-11
6.39000   7.09121E-11
6.40000   6.95226E-11
6.41000   6.81495E-11
6.42000   6.67932E-11
6.43000   6.54540E-11
6.44000   6.41320E-11
6.45000   6.28275E-11
6.46000   6.15405E-11
6.47000   6.02712E-11
6.48000   5.90199E-11
6.49000   5.77865E-11
6.50000   5.65711E-11
6.51000   5.53737E-11
6.52000   5.41945E-11
6.53000   5.30335E-11
6.54000   5.18906E-11
6.55000   5.07658E-11
6.56000   4.96591E-11
6.57000   4.85705E-11
6.58000   4.74999E-11
6.59000   4.64471E-11
6.60000   4.54123E-11
6.61000   4.43952E-11
6.62000   4.33958E-11
6.63000   4.24140E-11
6.64000   4.14499E-11
6.65000   4.05034E-11
6.66000   3.95744E-11
6.67000   3.86628E-11
6.68000   3.77685E-11
6.69000   3.68915E-11
6.70000   3.60316E-11
6.71000   3.51887E-11
6.72000   3.43627E-11
6.73000   3.35534E-11
6.74000   3.27606E-11
6.75000   3.19842E-11
6.76000   3.12241E-11
6.77000   3.04800E-11
6.78000   2.97518E-11
6.79000   2.90392E-11
6.80000   2.83422E-11
6.81000   2.76604E-11
6.82000   2.69937E-11
6.83000   2.63419E-11
6.84000   2.57047E-11
6.85000   2.50820E-11
6.86000   2.44736E-11
6.87000   2.38791E-11
6.88000   2.32985E-11
6.89000   2.27315E-11
6.90000   2.21778E-11
6.91000   2.16373E-11
6.92000   2.11097E-11
6.93000   2.05948E-11
6.94000   2.00923E-11
6.95000   1.96019E-11
6.96000   1.91234E-11
6.97000   1.86565E-11
6.98000   1.82011E-11
6.99000   1.77569E-11
7.00000   1.73236E-11
7.01000   1.69009E-11
7.02000   1.64888E-11
7.03000   1.60869E-11
7.04000   1.56950E-11
7.05000   1.53129E-11
7.06000   1.49404E-11
7.07000   1.45773E-11
7.08000   1.42234E-11
7.09000   1.38784E-11
7.10000   1.35422E-11
7.11000   1.32145E-11
7.12000   1.28952E-11
7.13000   1.25841E-11
7.14000   1.22810E-11
7.15000   1.19857E-11
7.16000   1.16980E-11
7.17000   1.14178E-11
7.18000   1.11449E-11
7.19000   1.08791E-11
7.20000   1.06202E-11
7.21000   1.03681E-11
7.22000   1.01226E-11
7.23000   9.88352E-12
7.24000   9.65074E-12
7.25000   9.42406E-12
7.26000   9.20331E-12
7.27000   8.98835E-12
7.28000   8.77902E-12
7.29000   8.57515E-12
7.30000   8.37661E-12
7.31000   8.18327E-12
7.32000   7.99497E-12
7.33000   7.81158E-12
7.34000   7.63297E-12
7.35000   7.45902E-12
7.36000   7.28960E-12
7.37000   7.12458E-12
7.38000   6.96385E-12
7.39000   6.80730E-12
7.40000   6.65482E-12
7.41000   6.50629E-12
7.42000   6.36161E-12
7.43000   6.22069E-12
7.44000   6.08341E-12
7.45000   5.94967E-12
7.46000   5.81939E-12
7.47000   5.69248E-12
7.48000   5.56884E-12
7.49000   5.44839E-12
7.50000   5.33104E-12
7.51000   5.21671E-12
7.52000   5.10532E-12
7.53000   4.99679E-12
7.54000   4.89104E-12
7.55000   4.78799E-12
7.56000   4.68760E-12
7.57000   4.58976E-12
7.58000   4.49443E-12
7.59000   4.40152E-12
7.60000   4.31099E-12
7.61000   4.22276E-12
7.62000   4.13677E-12
7.63000   4.05296E-12
7.64000   3.97128E-12
7.65000   3.89167E-12
7.66000   3.81406E-12
7.67000   3.73841E-12
7.68000   3.66466E-12
7.69000   3.59276E-12
7.70000   3.52267E-12
7.71000   3.45432E-12
7.72000   3.38768E-12
7.73000   3.32270E-12
7.74000   3.25934E-12
7.75000   3.19755E-12
7.76000   3.13728E-12
7.77000   3.07851E-12
7.78000   3.02118E-12
7.79000   2.96526E-12
7.80000   2.91072E-12
7.81000   2.85751E-12
7.82000   2.80560E-12
7.83000   2.75495E-12
7.84000   2.70553E-12
7.85000   2.65731E-12
7.86000   2.61025E-12
7.87000   2.56433E-12
7.88000   2.51952E-12
7.89000   2.47578E-12
7.90000   2.43308E-12
7.91000   2.39140E-12
7.92000   2.35072E-12
7.93000   2.31099E-12
7.94000   2.27218E-12
7.95000   2.23427E-12
7.96000   2.19722E-12
7.97000   2.16100E-12
7.98000   2.12559E-12
7.99000   2.09096E-12
8.00000   2.05708E-12
