4.00000   4.54001E-16
4.01000   6.82996E-16
4.02000   1.01770E-15
4.03000   1.50236E-15
4.04000   2.19765E-15
4.05000   3.18621E-15
4.06000   4.57931E-15
4.07000   6.52577E-15
4.08000   9.22238E-15
4.09000   1.29279E-14
4.10000   1.79785E-14
4.11000   2.48092E-14
4.12000   3.39758E-14
4.13000   4.61860E-14
4.14000   6.23299E-14
4.15000   8.35243E-14
4.16000   1.11152E-13
4.17000   1.46922E-13
4.18000   1.92922E-13
4.19000   2.51696E-13
4.20000   3.26304E-13
4.21000   4.20432E-13
4.22000   5.38449E-13
4.23000   6.85552E-13
4.24000   8.67821E-13
4.25000   1.09240E-12
4.26000   1.36755E-12
4.27000   1.70282E-12
4.28000   2.10921E-12
4.29000   2.59918E-12
4.30000   3.18698E-12
4.31000   3.88858E-12
4.32000   4.72200E-12
4.33000   5.70724E-12
4.34000   6.86664E-12
4.35000   8.22465E-12
4.36000   9.80841E-12
4.37000   1.16472E-11
4.38000   1.37734E-11
4.39000   1.62212E-11
4.40000   1.90284E-11
4.41000   2.22345E-11
4.42000   2.58824E-11
4.43000   3.00168E-11
4.44000   3.46858E-11
4.45000   3.99388E-11
4.46000   4.58284E-11
4.47000   5.24085E-11
4.48000   5.97356E-11
4.49000   6.78668E-11
4.50000   7.68619E-11
4.51000   8.67808E-11
4.52000   9.76839E-11
4.53000   1.09633E-10
4.54000   1.22691E-10
4.55000   1.36917E-10
4.56000   1.52373E-10
4.57000   1.69119E-10
4.58000   1.87212E-10
4.59000   2.06711E-10
4.60000   2.27668E-10
4.61000   2.50136E-10
4.62000   2.74164E-10
4.63000   2.99800E-10
4.64000   3.27082E-10
4.65000   3.56053E-10
4.66000   3.86744E-10
4.67000   4.19188E-10
4.68000   4.53406E-10
4.69000   4.89423E-10
4.70000   5.27250E-10
4.71000   5.66901E-10
4.72000   6.08377E-10
4.73000   6.51681E-10
4.74000   6.96803E-10
4.75000   7.43735E-10
4.76000   7.92458E-10
4.77000   8.42948E-10
4.78000   8.95178E-10
4.79000   9.49119E-10
4.80000   1.00473E-09
4.81000   1.06196E-09
4.82000   1.12078E-09
4.83000   1.18112E-09
4.84000   1.24293E-09
4.85000   1.30615E-09
4.86000   1.37072E-09
4.87000   1.43657E-09
4.88000   1.50363E-09
4.89000   1.57181E-09
4.90000   1.64106E-09
4.91000   1.71128E-09
4.92000   1.78240E-09
4.93000   1.85433E-09
4.94000   1.92700E-09
4.95000   2.00030E-09
4.96000   2.07417E-09
4.97000   2.14850E-09
4.98000   2.22323E-09
4.99000   2.29825E-09
5.00000   2.37348E-09
5.01000   2.44884E-09
5.02000   2.52423E-09
5.03000   2.59958E-09
5.04000   2.67481E-09
5.05000   2.74983E-09
5.06000   2.82456E-09
5.07000   2.89892E-09
5.08000   2.97284E-09
5.09000   3.04625E-09
5.10000   3.11906E-09
5.11000   3.19122E-09
5.12000   3.26265E-09
5.13000   3.33329E-09
5.14000   3.40308E-09
5.15000   3.47196E-09
5.16000   3.53986E-09
5.17000   3.60675E-09
5.18000   3.67255E-09
5.19000   3.73724E-09
5.20000   3.80075E-09
5.21000   3.86305E-09
5.22000   3.92409E-09
5.23000   3.98384E-09
5.24000   4.04227E-09
5.25000   4.09933E-09
5.26000   4.15500E-09
5.27000   4.20925E-09
5.28000   4.26206E-09
5.29000   4.31340E-09
5.30000   4.36325E-09
5.31000   4.41160E-09
5.32000   4.45844E-09
5.33000   4.50377E-09
5.34000   4.54757E-09
5.35000   4.58984E-09
5.36000   4.63058E-09
5.37000   4.66979E-09
5.38000   4.70748E-09
5.39000   4.74365E-09
5.40000   4.77831E-09
5.41000   4.81147E-09
5.42000   4.84314E-09
5.43000   4.87333E-09
5.44000   4.90205E-09
5.45000   4.92933E-09
5.46000   4.95517E-09
5.47000   4.97960E-09
5.48000   5.00263E-09
5.49000   5.02429E-09
5.50000   5.04460E-09
5.51000   5.06357E-09
5.52000   5.08124E-09
5.53000   5.09762E-09
5.54000   5.11274E-09
5.55000   5.12663E-09
5.56000   5.13930E-09
5.57000   5.15080E-09
5.58000   5.16113E-09
5.59000   5.17033E-09
5.60000   5.17843E-09
5.61000   5.18544E-09
5.62000   5.19141E-09
5.63000   5.19635E-09
5.64000   5.20029E-09
5.65000   5.20326E-09
5.66000   5.20528E-09
5.67000   5.20636E-09
5.68000   5.20654E-09
5.69000   5.20582E-09
5.70000   5.20424E-09
5.71000   5.20180E-09
5.72000   5.19854E-09
5.73000   5.19447E-09
5.74000   5.18961E-09
5.75000   5.18398E-09
5.76000   5.17760E-09
5.77000   5.17048E-09
5.78000   5.16266E-09
5.79000   5.15414E-09
5.80000   5.14494E-09
5.81000   5.13509E-09
5.82000   5.12459E-09
5.83000   5.11347E-09
5.84000   5.10175E-09
5.85000   5.08943E-09
5.86000   5.07654E-09
5.87000   5.06310E-09
5.88000   5.04911E-09
5.89000   5.03460E-09
5.90000   5.01958E-09
5.91000   5.00406E-09
5.92000   4.98806E-09
5.93000   4.97160E-09
5.94000   4.95469E-09
5.95000   4.93734E-09
5.96000   4.91957E-09
5.97000   4.90139E-09
5.98000   4.88282E-09
5.99000   4.86386E-09
6.00000   4.84453E-09
6.01000   4.82485E-09
6.02000   4.80482E-09
6.03000   4.78446E-09
6.04000   4.76380E-09
6.05000   4.74284E-09
6.06000   4.72162E-09
6.07000   4.70014E-09
6.08000   4.67843E-09
6.09000   4.65650E-09
6.10000   4.63436E-09
6.11000   4.61204E-09
6.12000   4.58955E-09
6.13000   4.56690E-09
6.14000   4.54410E-09
6.15000   4.52117E-09
6.16000   4.49812E-09
6.17000   4.47497E-09
6.18000   4.45172E-09
6.19000   4.42838E-09
6.20000   4.40497E-09
6.21000   4.38150E-09
6.22000   4.35797E-09
6.23000   4.33440E-09
6.24000   4.31079E-09
6.25000   4.28716E-09
6.26000   4.26350E-09
6.27000   4.23983E-09
6.28000   4.21615E-09
6.29000   4.19248E-09
6.30000   4.16881E-09
6.31000   4.14516E-09
6.32000   4.12152E-09
6.33000   4.09791E-09
6.34000   4.07433E-09
6.35000   4.05079E-09
6.36000   4.02728E-09
6.37000   4.00381E-09
6.38000   3.98040E-09
6.39000   3.95703E-09
6.40000   3.93372E-09
6.41000   3.91047E-09
6.42000   3.88728E-09
6.43000   3.86415E-09
6.44000   3.84109E-09
6.45000   3.81810E-09
6.46000   3.79518E-09
6.47000   3.77233E-09
6.48000   3.74956E-09
6.49000   3.72687E-09
6.50000   3.70425E-09
6.51000   3.68172E-09
6.52000   3.65927E-09
6.53000   3.63690E-09
6.54000   3.61462E-09
6.55000   3.59242E-09
6.56000   3.57032E-09
6.57000   3.54830E-09
6.58000   3.52636E-09
6.59000   3.50452E-09
6.60000   3.48277E-09
6.61000   3.46110E-09
6.62000   3.43951E-09
6.63000   3.41800E-09
6.64000   3.39658E-09
6.65000   3.37524E-09
6.66000   3.35398E-09
6.67000   3.33279E-09
6.68000   3.31168E-09
6.69000   3.29065E-09
6.70000   3.26970E-09
6.71000   3.24882E-09
6.72000   3.22801E-09
6.73000   3.20728E-09
6.74000   3.18663E-09
6.75000   3.16604E-09
6.76000   3.14553E-09
6.77000   3.12509E-09
6.78000   3.10473E-09
6.79000   3.08444E-09
6.80000   3.06422E-09
6.81000   3.04407E-09
6.82000   3.02400E-09
6.83000   3.00399E-09
6.84000   2.98406E-09
6.85000   2.96421E-09
6.86000   2.94442E-09
6.87000   2.92471E-09
6.88000   2.90507E-09
6.89000   2.88550E-09
6.90000   2.86601E-09
6.91000   2.84659E-09
6.92000   2.82725E-09
6.93000   2.80798E-09
6.94000   2.78878E-09
6.95000   2.76966E-09
6.96000   2.75061E-09
6.97000   2.73164E-09
6.98000   2.71274E-09
6.99000   2.69392E-09
7.00000   2.67518E-09
7.01000   2.65651E-09
7.02000   2.63792E-09
7.03000   2.61941E-09
7.04000   2.60097E-09
7.05000   2.58261E-09
7.06000   2.56433E-09
7.07000   2.54613E-09
7.08000   2.52801E-09
7.09000   2.50997E-09
7.10000   2.49200E-09
7.11000   2.47412E-09
7.12000   2.45632E-09
7.13000   2.43860E-09
7.14000   2.42096E-09
7.15000   2.40340E-09
7.16000   2.38592E-09
7.17000   2.36852E-09
7.18000   2.35121E-09
7.19000   2.33398E-09
7.20000   2.31683E-09
7.21000   2.29976E-09
7.22000   2.28278E-09
7.23000   2.26588E-09
7.24000   2.24906E-09
7.25000   2.23233E-09
7.26000   2.21568E-09
7.27000   2.19912E-09
7.28000   2.18264E-09
7.29000   2.16625E-09
7.30000   2.14994E-09
7.31000   2.13372E-09
7.32000   2.11758E-09
7.33000   2.10153E-09
7.34000   2.08556E-09
7.35000   2.06968E-09
7.36000   2.05389E-09
7.37000   2.03818E-09
7.38000   2.02256E-09
7.39000   2.00702E-09
7.40000   1.99157E-09
7.41000   1.97621E-09
7.42000   1.96093E-09
7.43000   1.94574E-09
7.44000   1.93064E-09
7.45000   1.91562E-09
7.46000   1.90069E-09
7.47000   1.88585E-09
7.48000   1.87109E-09
7.49000   1.85642E-09
7.50000   1.84184E-09
7.51000   1.82734E-09
7.52000   1.81293E-09
7.53000   1.79861E-09
7.54000   1.78437E-09
7.55000   1.77022E-09
7.56000   1.75615E-09
7.57000   1.74218E-09
7.58000   1.72828E-09
7.59000   1.71448E-09
7.60000   1.70076E-09
7.61000   1.68712E-09
7.62000   1.67357E-09
7.63000   1.66011E-09
7.64000   1.64673E-09
7.65000   1.63344E-09
7.66000   1.62023E-09
7.67000   1.60711E-09
7.68000   1.59407E-09
7.69000   1.58112E-09
7.70000   1.56825E-09
7.71000   1.55546E-09
7.72000   1.54276E-09
7.73000   1.53015E-09
7.74000   1.51761E-09
7.75000   1.50516E-09
7.76000   1.49280E-09
7.77000   1.48051E-09
7.78000   1.46831E-09
7.79000   1.45619E-09
7.80000   1.44416E-09
7.81000   1.43220E-09
7.82000   1.42033E-09
7.83000   1.40854E-09
7.84000   1.39683E-09
7.85000   1.38520E-09
7.86000   1.37365E-09
7.87000   1.36218E-09
7.88000   1.35080E-09
7.89000   1.33949E-09
7.90000   1.32826E-09
7.91000   1.31711E-09
7.92000   1.30604E-09
7.93000   1.29505E-09
7.94000   1.28413E-09
7.95000   1.27330E-09
7.96000   1.26254E-09
7.97000   1.25186E-09
7.98000   1.24125E-09
7.99000   1.23073E-09
8.00000   1.22028E-09
