4.00000   7.09129E-16
4.01000   1.07265E-15
4.02000   1.60686E-15
4.03000   2.38450E-15
4.04000   3.50586E-15
4.05000   5.10831E-15
4.06000   7.37764E-15
4.07000   1.05638E-14
4.08000   1.49987E-14
4.09000   2.11210E-14
4.10000   2.95035E-14
4.11000   4.08905E-14
4.12000   5.62375E-14
4.13000   7.67667E-14
4.14000   1.04022E-13
4.15000   1.39948E-13
4.16000   1.86964E-13
4.17000   2.48074E-13
4.18000   3.26955E-13
4.19000   4.28115E-13
4.20000   5.56994E-13
4.21000   7.20164E-13
4.22000   9.25456E-13
4.23000   1.18221E-12
4.24000   1.50139E-12
4.25000   1.89594E-12
4.26000   2.38088E-12
4.27000   2.97360E-12
4.28000   3.69422E-12
4.29000   4.56564E-12
4.30000   5.61409E-12
4.31000   6.86908E-12
4.32000   8.36402E-12
4.33000   1.01361E-11
4.34000   1.22269E-11
4.35000   1.46824E-11
4.36000   1.75533E-11
4.37000   2.08950E-11
4.38000   2.47682E-11
4.39000   2.92383E-11
4.40000   3.43764E-11
4.41000   4.02583E-11
4.42000   4.69658E-11
4.43000   5.45847E-11
4.44000   6.32072E-11
4.45000   7.29288E-11
4.46000   8.38513E-11
4.47000   9.60789E-11
4.48000   1.09722E-10
4.49000   1.24892E-10
4.50000   1.41706E-10
4.51000   1.60281E-10
4.52000   1.80737E-10
4.53000   2.03196E-10
4.54000   2.27782E-10
4.55000   2.54616E-10
4.56000   2.83817E-10
4.57000   3.15509E-10
4.58000   3.49807E-10
4.59000   3.86828E-10
4.60000   4.26681E-10
4.61000   4.69475E-10
4.62000   5.15309E-10
4.63000   5.64282E-10
4.64000   6.16477E-10
4.65000   6.71983E-10
4.66000   7.30867E-10
4.67000   7.93200E-10
4.68000   8.59033E-10
4.69000   9.28418E-10
4.70000   1.00139E-09
4.71000   1.07797E-09
4.72000   1.15818E-09
4.73000   1.24203E-09
4.74000   1.32951E-09
4.75000   1.42061E-09
4.76000   1.51529E-09
4.77000   1.61352E-09
4.78000   1.71525E-09
4.79000   1.82043E-09
4.80000   1.92899E-09
4.81000   2.04083E-09
4.82000   2.15588E-09
4.83000   2.27404E-09
4.84000   2.39520E-09
4.85000   2.51925E-09
4.86000   2.64606E-09
4.87000   2.77550E-09
4.88000   2.90743E-09
4.89000   3.04172E-09
4.90000   3.17821E-09
4.91000   3.31673E-09
4.92000   3.45716E-09
4.93000   3.59930E-09
4.94000   3.74301E-09
4.95000   3.88810E-09
4.96000   4.03442E-09
4.97000   4.18178E-09
4.98000   4.33002E-09
4.99000   4.47896E-09
5.00000   4.62844E-09
5.01000   4.77828E-09
5.02000   4.92830E-09
5.03000   5.07834E-09
5.04000   5.22825E-09
5.05000   5.37785E-09
5.06000   5.52697E-09
5.07000   5.67547E-09
5.08000   5.82320E-09
5.09000   5.97000E-09
5.10000   6.11573E-09
5.11000   6.26026E-09
5.12000   6.40344E-09
5.13000   6.54515E-09
5.14000   6.68526E-09
5.15000   6.82366E-09
5.16000   6.96023E-09
5.17000   7.09487E-09
5.18000   7.22747E-09
5.19000   7.35794E-09
5.20000   7.48618E-09
5.21000   7.61213E-09
5.22000   7.73568E-09
5.23000   7.85677E-09
5.24000   7.97533E-09
5.25000   8.09131E-09
5.26000   8.20464E-09
5.27000   8.31527E-09
5.28000   8.42316E-09
5.29000   8.52826E-09
5.30000   8.63055E-09
5.31000   8.72997E-09
5.32000   8.82652E-09
5.33000   8.92016E-09
5.34000   9.01088E-09
5.35000   9.09865E-09
5.36000   9.18348E-09
5.37000   9.26535E-09
5.38000   9.34425E-09
5.39000   9.42019E-09
5.40000   9.49318E-09
5.41000   9.56321E-09
5.42000   9.63029E-09
5.43000   9.69445E-09
5.44000   9.75568E-09
5.45000   9.81402E-09
5.46000   9.86948E-09
5.47000   9.92207E-09
5.48000   9.97183E-09
5.49000   1.00188E-08
5.50000   1.00630E-08
5.51000   1.01044E-08
5.52000   1.01431E-08
5.53000   1.01791E-08
5.54000   1.02124E-08
5.55000   1.02431E-08
5.56000   1.02713E-08
5.57000   1.02969E-08
5.58000   1.03200E-08
5.59000   1.03406E-08
5.60000   1.03587E-08
5.61000   1.03745E-08
5.62000   1.03880E-08
5.63000   1.03991E-08
5.64000   1.04079E-08
5.65000   1.04146E-08
5.66000   1.04190E-08
5.67000   1.04214E-08
5.68000   1.04217E-08
5.69000   1.04200E-08
5.70000   1.04164E-08
5.71000   1.04109E-08
5.72000   1.04035E-08
5.73000   1.03943E-08
5.74000   1.03834E-08
5.75000   1.03709E-08
5.76000   1.03567E-08
5.77000   1.03409E-08
5.78000   1.03236E-08
5.79000   1.03048E-08
5.80000   1.02846E-08
5.81000   1.02631E-08
5.82000   1.02401E-08
5.83000   1.02160E-08
5.84000   1.01905E-08
5.85000   1.01639E-08
5.86000   1.01362E-08
5.87000   1.01073E-08
5.88000   1.00774E-08
5.89000   1.00464E-08
5.90000   1.00145E-08
5.91000   9.98165E-09
5.92000   9.94790E-09
5.93000   9.91329E-09
5.94000   9.87786E-09
5.95000   9.84164E-09
5.96000   9.80467E-09
5.97000   9.76698E-09
5.98000   9.72861E-09
5.99000   9.68959E-09
6.00000   9.64994E-09
6.01000   9.60971E-09
6.02000   9.56892E-09
6.03000   9.52760E-09
6.04000   9.48579E-09
6.05000   9.44351E-09
6.06000   9.40081E-09
6.07000   9.35771E-09
6.08000   9.31422E-09
6.09000   9.27040E-09
6.10000   9.22625E-09
6.11000   9.18181E-09
6.12000   9.13710E-09
6.13000   9.09213E-09
6.14000   9.04695E-09
6.15000   9.00155E-09
6.16000   8.95598E-09
6.17000   8.91023E-09
6.18000   8.86435E-09
6.19000   8.81833E-09
6.20000   8.77221E-09
6.21000   8.72598E-09
6.22000   8.67968E-09
6.23000   8.63331E-09
6.24000   8.58689E-09
6.25000   8.54043E-09
6.26000   8.49395E-09
6.27000   8.44746E-09
6.28000   8.40096E-09
6.29000   8.35447E-09
6.30000   8.30800E-09
6.31000   8.26156E-09
6.32000   8.21516E-09
6.33000   8.16880E-09
6.34000   8.12250E-09
6.35000   8.07627E-09
6.36000   8.03010E-09
6.37000   7.98401E-09
6.38000   7.93801E-09
6.39000   7.89209E-09
6.40000   7.84628E-09
6.41000   7.80056E-09
6.42000   7.75494E-09
6.43000   7.70945E-09
6.44000   7.66406E-09
6.45000   7.61880E-09
6.46000   7.57366E-09
6.47000   7.52864E-09
6.48000   7.48376E-09
6.49000   7.43902E-09
6.50000   7.39441E-09
6.51000   7.34994E-09
6.52000   7.30562E-09
6.53000   7.26144E-09
6.54000   7.21741E-09
6.55000   7.17353E-09
6.56000   7.12980E-09
6.57000   7.08622E-09
6.58000   7.04280E-09
6.59000   6.99953E-09
6.60000   6.95641E-09
6.61000   6.91344E-09
6.62000   6.87062E-09
6.63000   6.82794E-09
6.64000   6.78540E-09
6.65000   6.74300E-09
6.66000   6.70075E-09
6.67000   6.65863E-09
6.68000   6.61665E-09
6.69000   6.57481E-09
6.70000   6.53311E-09
6.71000   6.49155E-09
6.72000   6.45011E-09
6.73000   6.40882E-09
6.74000   6.36767E-09
6.75000   6.32664E-09
6.76000   6.28576E-09
6.77000   6.24501E-09
6.78000   6.20440E-09
6.79000   6.16392E-09
6.80000   6.12358E-09
6.81000   6.08337E-09
6.82000   6.04331E-09
6.83000   6.00338E-09
6.84000   5.96359E-09
6.85000   5.92393E-09
6.86000   5.88442E-09
6.87000   5.84505E-09
6.88000   5.80582E-09
6.89000   5.76673E-09
6.90000   5.72778E-09
6.91000   5.68897E-09
6.92000   5.65031E-09
6.93000   5.61180E-09
6.94000   5.57343E-09
6.95000   5.53520E-09
6.96000   5.49712E-09
6.97000   5.45919E-09
6.98000   5.42141E-09
6.99000   5.38377E-09
7.00000   5.34629E-09
7.01000   5.30896E-09
7.02000   5.27178E-09
7.03000   5.23476E-09
7.04000   5.19788E-09
7.05000   5.16116E-09
7.06000   5.12460E-09
7.07000   5.08819E-09
7.08000   5.05194E-09
7.09000   5.01585E-09
7.10000   4.97992E-09
7.11000   4.94415E-09
7.12000   4.90853E-09
7.13000   4.87308E-09
7.14000   4.83779E-09
7.15000   4.80266E-09
7.16000   4.76769E-09
7.17000   4.73289E-09
7.18000   4.69825E-09
7.19000   4.66378E-09
7.20000   4.62948E-09
7.21000   4.59533E-09
7.22000   4.56136E-09
7.23000   4.52755E-09
7.24000   4.49391E-09
7.25000   4.46044E-09
7.26000   4.42714E-09
7.27000   4.39401E-09
7.28000   4.36105E-09
7.29000   4.32825E-09
7.30000   4.29563E-09
7.31000   4.26318E-09
7.32000   4.23090E-09
7.33000   4.19879E-09
7.34000   4.16686E-09
7.35000   4.13509E-09
7.36000   4.10350E-09
7.37000   4.07208E-09
7.38000   4.04084E-09
7.39000   4.00976E-09
7.40000   3.97887E-09
7.41000   3.94814E-09
7.42000   3.91759E-09
7.43000   3.88721E-09
7.44000   3.85700E-09
7.45000   3.82697E-09
7.46000   3.79711E-09
7.47000   3.76743E-09
7.48000   3.73792E-09
7.49000   3.70859E-09
7.50000   3.67942E-09
7.51000   3.65043E-09
7.52000   3.62162E-09
7.53000   3.59298E-09
7.54000   3.56451E-09
7.55000   3.53622E-09
7.56000   3.50810E-09
7.57000   3.48015E-09
7.58000   3.45238E-09
7.59000   3.42477E-09
7.60000   3.39734E-09
7.61000   3.37009E-09
7.62000   3.34300E-09
7.63000   3.31609E-09
7.64000   3.28934E-09
7.65000   3.26277E-09
7.66000   3.23637E-09
7.67000   3.21014E-09
7.68000   3.18408E-09
7.69000   3.15819E-09
7.70000   3.13247E-09
7.71000   3.10692E-09
7.72000   3.08153E-09
7.73000   3.05632E-09
7.74000   3.03127E-09
7.75000   3.00639E-09
7.76000   2.98167E-09
7.77000   2.95712E-09
7.78000   2.93274E-09
7.79000   2.90852E-09
7.80000   2.88447E-09
7.81000   2.86058E-09
7.82000   2.83686E-09
7.83000   2.81330E-09
7.84000   2.78990E-09
7.85000   2.76666E-09
7.86000   2.74359E-09
7.87000   2.72067E-09
7.88000   2.69792E-09
7.89000   2.67533E-09
7.90000   2.65289E-09
7.91000   2.63062E-09
7.92000   2.60850E-09
7.93000   2.58654E-09
7.94000   2.56473E-09
7.95000   2.54308E-09
7.96000   2.52159E-09
7.97000   2.50025E-09
7.98000   2.47907E-09
7.99000   2.45804E-09
8.00000   2.43716E-09
