4.00000   6.88537E-14
4.01000   9.33435E-14
4.02000   1.25636E-13
4.03000   1.67918E-13
4.04000   2.22893E-13
4.05000   2.93892E-13
4.06000   3.84970E-13
4.07000   5.01060E-13
4.08000   6.48081E-13
4.09000   8.33138E-13
4.10000   1.06464E-12
4.11000   1.35257E-12
4.12000   1.70856E-12
4.13000   2.14627E-12
4.14000   2.68142E-12
4.15000   3.33225E-12
4.16000   4.11951E-12
4.17000   5.06697E-12
4.18000   6.20137E-12
4.19000   7.55304E-12
4.20000   9.15568E-12
4.21000   1.10471E-11
4.22000   1.32689E-11
4.23000   1.58672E-11
4.24000   1.88922E-11
4.25000   2.23992E-11
4.26000   2.64476E-11
4.27000   3.11016E-11
4.28000   3.64308E-11
4.29000   4.25085E-11
4.30000   4.94140E-11
4.31000   5.72297E-11
4.32000   6.60441E-11
4.33000   7.59479E-11
4.34000   8.70380E-11
4.35000   9.94125E-11
4.36000   1.13175E-10
4.37000   1.28430E-10
4.38000   1.45286E-10
4.39000   1.63851E-10
4.40000   1.84238E-10
4.41000   2.06556E-10
4.42000   2.30918E-10
4.43000   2.57434E-10
4.44000   2.86214E-10
4.45000   3.17365E-10
4.46000   3.50993E-10
4.47000   3.87196E-10
4.48000   4.26077E-10
4.49000   4.67724E-10
4.50000   5.12228E-10
4.51000   5.59668E-10
4.52000   6.10119E-10
4.53000   6.63648E-10
4.54000   7.20321E-10
4.55000   7.80185E-10
4.56000   8.43283E-10
4.57000   9.09654E-10
4.58000   9.79319E-10
4.59000   1.05230E-09
4.60000   1.12860E-09
4.61000   1.20822E-09
4.62000   1.29114E-09
4.63000   1.37734E-09
4.64000   1.46680E-09
4.65000   1.55946E-09
4.66000   1.65529E-09
4.67000   1.75421E-09
4.68000   1.85616E-09
4.69000   1.96108E-09
4.70000   2.06885E-09
4.71000   2.17940E-09
4.72000   2.29263E-09
4.73000   2.40842E-09
4.74000   2.52665E-09
4.75000   2.64722E-09
4.76000   2.76999E-09
4.77000   2.89482E-09
4.78000   3.02158E-09
4.79000   3.15014E-09
4.80000   3.28035E-09
4.81000   3.41205E-09
4.82000   3.54510E-09
4.83000   3.67935E-09
4.84000   3.81464E-09
4.85000   3.95082E-09
4.86000   4.08774E-09
4.87000   4.22523E-09
4.88000   4.36316E-09
4.89000   4.50135E-09
4.90000   4.63967E-09
4.91000   4.77796E-09
4.92000   4.91608E-09
4.93000   5.05386E-09
4.94000   5.19119E-09
4.95000   5.32791E-09
4.96000   5.46389E-09
4.97000   5.59899E-09
4.98000   5.73309E-09
4.99000   5.86605E-09
5.00000   5.99777E-09
5.01000   6.12812E-09
5.02000   6.25698E-09
5.03000   6.38425E-09
5.04000   6.50982E-09
5.05000   6.63361E-09
5.06000   6.75549E-09
5.07000   6.87540E-09
5.08000   6.99324E-09
5.09000   7.10893E-09
5.10000   7.22240E-09
5.11000   7.33356E-09
5.12000   7.44236E-09
5.13000   7.54874E-09
5.14000   7.65264E-09
5.15000   7.75403E-09
5.16000   7.85285E-09
5.17000   7.94908E-09
5.18000   8.04267E-09
5.19000   8.13362E-09
5.20000   8.22187E-09
5.21000   8.30744E-09
5.22000   8.39029E-09
5.23000   8.47041E-09
5.24000   8.54781E-09
5.25000   8.62247E-09
5.26000   8.69441E-09
5.27000   8.76361E-09
5.28000   8.83009E-09
5.29000   8.89386E-09
5.30000   8.95493E-09
5.31000   9.01332E-09
5.32000   9.06905E-09
5.33000   9.12213E-09
5.34000   9.17259E-09
5.35000   9.22046E-09
5.36000   9.26576E-09
5.37000   9.30852E-09
5.38000   9.34877E-09
5.39000   9.38655E-09
5.40000   9.42188E-09
5.41000   9.45481E-09
5.42000   9.48537E-09
5.43000   9.51359E-09
5.44000   9.53952E-09
5.45000   9.56319E-09
5.46000   9.58465E-09
5.47000   9.60394E-09
5.48000   9.62110E-09
5.49000   9.63617E-09
5.50000   9.64921E-09
5.51000   9.66026E-09
5.52000   9.66936E-09
5.53000   9.67656E-09
5.54000   9.68191E-09
5.55000   9.68544E-09
5.56000   9.68722E-09
5.57000   9.68728E-09
5.58000   9.68567E-09
5.59000   9.68243E-09
5.60000   9.67760E-09
5.61000   9.67125E-09
5.62000   9.66339E-09
5.63000   9.65409E-09
5.64000   9.64338E-09
5.65000   9.63130E-09
5.66000   9.61790E-09
5.67000   9.60322E-09
5.68000   9.58730E-09
5.69000   9.57017E-09
5.70000   9.55188E-09
5.71000   9.53246E-09
5.72000   9.51196E-09
5.73000   9.49040E-09
5.74000   9.46783E-09
5.75000   9.44428E-09
5.76000   9.41978E-09
5.77000   9.39437E-09
5.78000   9.36809E-09
5.79000   9.34095E-09
5.80000   9.31300E-09
5.81000   9.28426E-09
5.82000   9.25477E-09
5.83000   9.22455E-09
5.84000   9.19364E-09
5.85000   9.16206E-09
5.86000   9.12985E-09
5.87000   9.09705E-09
5.88000   9.06366E-09
5.89000   9.02973E-09
5.90000   8.99529E-09
5.91000   8.96035E-09
5.92000   8.92495E-09
5.93000   8.88910E-09
5.94000   8.85284E-09
5.95000   8.81618E-09
5.96000   8.77915E-09
5.97000   8.74176E-09
5.98000   8.70405E-09
5.99000   8.66602E-09
6.00000   8.62770E-09
6.01000   8.58910E-09
6.02000   8.55025E-09
6.03000   8.51116E-09
6.04000   8.47184E-09
6.05000   8.43232E-09
6.06000   8.39260E-09
6.07000   8.35270E-09
6.08000   8.31263E-09
6.09000   8.27241E-09
6.10000   8.23206E-09
6.11000   8.19157E-09
6.12000   8.15097E-09
6.13000   8.11026E-09
6.14000   8.06946E-09
6.15000   8.02857E-09
6.16000   7.98761E-09
6.17000   7.94658E-09
6.18000   7.90550E-09
6.19000   7.86437E-09
6.20000   7.82320E-09
6.21000   7.78199E-09
6.22000   7.74077E-09
6.23000   7.69952E-09
6.24000   7.65827E-09
6.25000   7.61701E-09
6.26000   7.57576E-09
6.27000   7.53451E-09
6.28000   7.49328E-09
6.29000   7.45207E-09
6.30000   7.41088E-09
6.31000   7.36973E-09
6.32000   7.32861E-09
6.33000   7.28753E-09
6.34000   7.24650E-09
6.35000   7.20551E-09
6.36000   7.16458E-09
6.37000   7.12370E-09
6.38000   7.08288E-09
6.39000   7.04213E-09
6.40000   7.00143E-09
6.41000   6.96080E-09
6.42000   6.92022E-09
6.43000   6.87971E-09
6.44000   6.83927E-09
6.45000   6.79889E-09
6.46000   6.75858E-09
6.47000   6.71835E-09
6.48000   6.67818E-09
6.49000   6.63808E-09
6.50000   6.59806E-09
6.51000   6.55811E-09
6.52000   6.51824E-09
6.53000   6.47846E-09
6.54000   6.43875E-09
6.55000   6.39912E-09
6.56000   6.35957E-09
6.57000   6.32012E-09
6.58000   6.28074E-09
6.59000   6.24146E-09
6.60000   6.20227E-09
6.61000   6.16317E-09
6.62000   6.12417E-09
6.63000   6.08526E-09
6.64000   6.04645E-09
6.65000   6.00774E-09
6.66000   5.96913E-09
6.67000   5.93062E-09
6.68000   5.89222E-09
6.69000   5.85393E-09
6.70000   5.81575E-09
6.71000   5.77767E-09
6.72000   5.73971E-09
6.73000   5.70186E-09
6.74000   5.66413E-09
6.75000   5.62651E-09
6.76000   5.58901E-09
6.77000   5.55164E-09
6.78000   5.51438E-09
6.79000   5.47725E-09
6.80000   5.44025E-09
6.81000   5.40337E-09
6.82000   5.36662E-09
6.83000   5.33000E-09
6.84000   5.29351E-09
6.85000   5.25715E-09
6.86000   5.22093E-09
6.87000   5.18485E-09
6.88000   5.14890E-09
6.89000   5.11309E-09
6.90000   5.07742E-09
6.91000   5.04189E-09
6.92000   5.00650E-09
6.93000   4.97126E-09
6.94000   4.93616E-09
6.95000   4.90120E-09
6.96000   4.86639E-09
6.97000   4.83173E-09
6.98000   4.79722E-09
6.99000   4.76286E-09
7.00000   4.72866E-09
7.01000   4.69460E-09
7.02000   4.66069E-09
7.03000   4.62695E-09
7.04000   4.59335E-09
7.05000   4.55991E-09
7.06000   4.52663E-09
7.07000   4.49350E-09
7.08000   4.46053E-09
7.09000   4.42772E-09
7.10000   4.39507E-09
7.11000   4.36258E-09
7.12000   4.33025E-09
7.13000   4.29808E-09
7.14000   4.26608E-09
7.15000   4.23423E-09
7.16000   4.20255E-09
7.17000   4.17103E-09
7.18000   4.13968E-09
7.19000   4.10849E-09
7.20000   4.07747E-09
7.21000   4.04660E-09
7.22000   4.01591E-09
7.23000   3.98538E-09
7.24000   3.95502E-09
7.25000   3.92482E-09
7.26000   3.89479E-09
7.27000   3.86492E-09
7.28000   3.83523E-09
7.29000   3.80570E-09
7.30000   3.77633E-09
7.31000   3.74714E-09
7.32000   3.71811E-09
7.33000   3.68925E-09
7.34000   3.66055E-09
7.35000   3.63203E-09
7.36000   3.60367E-09
7.37000   3.57548E-09
7.38000   3.54745E-09
7.39000   3.51960E-09
7.40000   3.49191E-09
7.41000   3.46439E-09
7.42000   3.43703E-09
7.43000   3.40984E-09
7.44000   3.38282E-09
7.45000   3.35597E-09
7.46000   3.32928E-09
7.47000   3.30276E-09
7.48000   3.27640E-09
7.49000   3.25021E-09
7.50000   3.22418E-09
7.51000   3.19832E-09
7.52000   3.17263E-09
7.53000   3.14710E-09
7.54000   3.12173E-09
7.55000   3.09653E-09
7.56000   3.07149E-09
7.57000   3.04662E-09
7.58000   3.02190E-09
7.59000   2.99735E-09
7.60000   2.97296E-09
7.61000   2.94874E-09
7.62000   2.92467E-09
7.63000   2.90077E-09
7.64000   2.87702E-09
7.65000   2.85344E-09
7.66000   2.83001E-09
7.67000   2.80674E-09
7.68000   2.78364E-09
7.69000   2.76069E-09
7.70000   2.73789E-09
7.71000   2.71525E-09
7.72000   2.69277E-09
7.73000   2.67045E-09
7.74000   2.64828E-09
7.75000   2.62626E-09
7.76000   2.60440E-09
7.77000   2.58269E-09
7.78000   2.56114E-09
7.79000   2.53974E-09
7.80000   2.51849E-09
7.81000   2.49739E-09
7.82000   2.47644E-09
7.83000   2.45564E-09
7.84000   2.43499E-09
7.85000   2.41449E-09
7.86000   2.39413E-09
7.87000   2.37393E-09
7.88000   2.35387E-09
7.89000   2.33396E-09
7.90000   2.31419E-09
7.91000   2.29456E-09
7.92000   2.27509E-09
7.93000   2.25575E-09
7.94000   2.23656E-09
7.95000   2.21751E-09
7.96000   2.19860E-09
7.97000   2.17983E-09
7.98000   2.16120E-09
7.99000   2.14271E-09
8.00000   2.12436E-09
