4.00000   1.24576E-13
4.01000   1.69215E-13
4.02000   2.28191E-13
4.03000   3.05561E-13
4.04000   4.06347E-13
4.05000   5.36754E-13
4.06000   7.04347E-13
4.07000   9.18352E-13
4.08000   1.18985E-12
4.09000   1.53220E-12
4.10000   1.96120E-12
4.11000   2.49567E-12
4.12000   3.15759E-12
4.13000   3.97278E-12
4.14000   4.97108E-12
4.15000   6.18710E-12
4.16000   7.66033E-12
4.17000   9.43612E-12
4.18000   1.15656E-11
4.19000   1.41067E-11
4.20000   1.71241E-11
4.21000   2.06905E-11
4.22000   2.48859E-11
4.23000   2.97994E-11
4.24000   3.55279E-11
4.25000   4.21783E-11
4.26000   4.98663E-11
4.27000   5.87164E-11
4.28000   6.88642E-11
4.29000   8.04529E-11
4.30000   9.36376E-11
4.31000   1.08580E-10
4.32000   1.25453E-10
4.33000   1.44436E-10
4.34000   1.65721E-10
4.35000   1.89500E-10
4.36000   2.15980E-10
4.37000   2.45368E-10
4.38000   2.77880E-10
4.39000   3.13733E-10
4.40000   3.53151E-10
4.41000   3.96354E-10
4.42000   4.43572E-10
4.43000   4.95022E-10
4.44000   5.50932E-10
4.45000   6.11516E-10
4.46000   6.76992E-10
4.47000   7.47563E-10
4.48000   8.23437E-10
4.49000   9.04798E-10
4.50000   9.91834E-10
4.51000   1.08471E-09
4.52000   1.18359E-09
4.53000   1.28861E-09
4.54000   1.39991E-09
4.55000   1.51759E-09
4.56000   1.64176E-09
4.57000   1.77249E-09
4.58000   1.90983E-09
4.59000   2.05385E-09
4.60000   2.20454E-09
4.61000   2.36193E-09
4.62000   2.52598E-09
4.63000   2.69667E-09
4.64000   2.87392E-09
4.65000   3.05767E-09
4.66000   3.24780E-09
4.67000   3.44423E-09
4.68000   3.64679E-09
4.69000   3.85534E-09
4.70000   4.06970E-09
4.71000   4.28971E-09
4.72000   4.51512E-09
4.73000   4.74575E-09
4.74000   4.98134E-09
4.75000   5.22167E-09
4.76000   5.46646E-09
4.77000   5.71543E-09
4.78000   5.96832E-09
4.79000   6.22485E-09
4.80000   6.48471E-09
4.81000   6.74759E-09
4.82000   7.01320E-09
4.83000   7.28122E-09
4.84000   7.55134E-09
4.85000   7.82324E-09
4.86000   8.09662E-09
4.87000   8.37113E-09
4.88000   8.64651E-09
4.89000   8.92239E-09
4.90000   9.19851E-09
4.91000   9.47454E-09
4.92000   9.75020E-09
4.93000   1.00252E-08
4.94000   1.02992E-08
4.95000   1.05720E-08
4.96000   1.08434E-08
4.97000   1.11129E-08
4.98000   1.13805E-08
4.99000   1.16458E-08
5.00000   1.19086E-08
5.01000   1.21688E-08
5.02000   1.24261E-08
5.03000   1.26802E-08
5.04000   1.29311E-08
5.05000   1.31786E-08
5.06000   1.34224E-08
5.07000   1.36625E-08
5.08000   1.38986E-08
5.09000   1.41307E-08
5.10000   1.43585E-08
5.11000   1.45819E-08
5.12000   1.48009E-08
5.13000   1.50152E-08
5.14000   1.52249E-08
5.15000   1.54298E-08
5.16000   1.56297E-08
5.17000   1.58247E-08
5.18000   1.60146E-08
5.19000   1.61994E-08
5.20000   1.63791E-08
5.21000   1.65535E-08
5.22000   1.67227E-08
5.23000   1.68866E-08
5.24000   1.70451E-08
5.25000   1.71983E-08
5.26000   1.73461E-08
5.27000   1.74885E-08
5.28000   1.76255E-08
5.29000   1.77572E-08
5.30000   1.78834E-08
5.31000   1.80043E-08
5.32000   1.81198E-08
5.33000   1.82299E-08
5.34000   1.83348E-08
5.35000   1.84343E-08
5.36000   1.85286E-08
5.37000   1.86177E-08
5.38000   1.87015E-08
5.39000   1.87802E-08
5.40000   1.88538E-08
5.41000   1.89224E-08
5.42000   1.89860E-08
5.43000   1.90447E-08
5.44000   1.90986E-08
5.45000   1.91479E-08
5.46000   1.91925E-08
5.47000   1.92326E-08
5.48000   1.92682E-08
5.49000   1.92995E-08
5.50000   1.93266E-08
5.51000   1.93495E-08
5.52000   1.93683E-08
5.53000   1.93832E-08
5.54000   1.93941E-08
5.55000   1.94013E-08
5.56000   1.94048E-08
5.57000   1.94048E-08
5.58000   1.94012E-08
5.59000   1.93942E-08
5.60000   1.93839E-08
5.61000   1.93704E-08
5.62000   1.93538E-08
5.63000   1.93341E-08
5.64000   1.93115E-08
5.65000   1.92861E-08
5.66000   1.92578E-08
5.67000   1.92269E-08
5.68000   1.91934E-08
5.69000   1.91574E-08
5.70000   1.91190E-08
5.71000   1.90782E-08
5.72000   1.90352E-08
5.73000   1.89899E-08
5.74000   1.89426E-08
5.75000   1.88932E-08
5.76000   1.88419E-08
5.77000   1.87886E-08
5.78000   1.87336E-08
5.79000   1.86769E-08
5.80000   1.86185E-08
5.81000   1.85586E-08
5.82000   1.84972E-08
5.83000   1.84344E-08
5.84000   1.83702E-08
5.85000   1.83048E-08
5.86000   1.82382E-08
5.87000   1.81704E-08
5.88000   1.81016E-08
5.89000   1.80318E-08
5.90000   1.79610E-08
5.91000   1.78893E-08
5.92000   1.78167E-08
5.93000   1.77434E-08
5.94000   1.76693E-08
5.95000   1.75945E-08
5.96000   1.75190E-08
5.97000   1.74429E-08
5.98000   1.73663E-08
5.99000   1.72891E-08
6.00000   1.72114E-08
6.01000   1.71333E-08
6.02000   1.70547E-08
6.03000   1.69758E-08
6.04000   1.68965E-08
6.05000   1.68168E-08
6.06000   1.67369E-08
6.07000   1.66567E-08
6.08000   1.65762E-08
6.09000   1.64955E-08
6.10000   1.64147E-08
6.11000   1.63336E-08
6.12000   1.62524E-08
6.13000   1.61711E-08
6.14000   1.60897E-08
6.15000   1.60082E-08
6.16000   1.59266E-08
6.17000   1.58449E-08
6.18000   1.57632E-08
6.19000   1.56815E-08
6.20000   1.55997E-08
6.21000   1.55180E-08
6.22000   1.54363E-08
6.23000   1.53546E-08
6.24000   1.52729E-08
6.25000   1.51913E-08
6.26000   1.51098E-08
6.27000   1.50283E-08
6.28000   1.49469E-08
6.29000   1.48656E-08
6.30000   1.47844E-08
6.31000   1.47032E-08
6.32000   1.46222E-08
6.33000   1.45412E-08
6.34000   1.44603E-08
6.35000   1.43794E-08
6.36000   1.42987E-08
6.37000   1.42181E-08
6.38000   1.41375E-08
6.39000   1.40571E-08
6.40000   1.39767E-08
6.41000   1.38964E-08
6.42000   1.38163E-08
6.43000   1.37362E-08
6.44000   1.36562E-08
6.45000   1.35764E-08
6.46000   1.34966E-08
6.47000   1.34170E-08
6.48000   1.33375E-08
6.49000   1.32581E-08
6.50000   1.31789E-08
6.51000   1.30997E-08
6.52000   1.30207E-08
6.53000   1.29419E-08
6.54000   1.28631E-08
6.55000   1.27846E-08
6.56000   1.27061E-08
6.57000   1.26279E-08
6.58000   1.25497E-08
6.59000   1.24717E-08
6.60000   1.23939E-08
6.61000   1.23163E-08
6.62000   1.22388E-08
6.63000   1.21615E-08
6.64000   1.20844E-08
6.65000   1.20075E-08
6.66000   1.19307E-08
6.67000   1.18542E-08
6.68000   1.17778E-08
6.69000   1.17017E-08
6.70000   1.16257E-08
6.71000   1.15499E-08
6.72000   1.14744E-08
6.73000   1.13991E-08
6.74000   1.13240E-08
6.75000   1.12491E-08
6.76000   1.11744E-08
6.77000   1.11000E-08
6.78000   1.10258E-08
6.79000   1.09518E-08
6.80000   1.08781E-08
6.81000   1.08046E-08
6.82000   1.07313E-08
6.83000   1.06583E-08
6.84000   1.05856E-08
6.85000   1.05131E-08
6.86000   1.04409E-08
6.87000   1.03689E-08
6.88000   1.02972E-08
6.89000   1.02258E-08
6.90000   1.01546E-08
6.91000   1.00837E-08
6.92000   1.00131E-08
6.93000   9.94280E-09
6.94000   9.87275E-09
6.95000   9.80298E-09
6.96000   9.73350E-09
6.97000   9.66431E-09
6.98000   9.59541E-09
6.99000   9.52681E-09
7.00000   9.45850E-09
7.01000   9.39048E-09
7.02000   9.32277E-09
7.03000   9.25536E-09
7.04000   9.18826E-09
7.05000   9.12146E-09
7.06000   9.05496E-09
7.07000   8.98878E-09
7.08000   8.92291E-09
7.09000   8.85735E-09
7.10000   8.79211E-09
7.11000   8.72718E-09
7.12000   8.66257E-09
7.13000   8.59827E-09
7.14000   8.53430E-09
7.15000   8.47065E-09
7.16000   8.40732E-09
7.17000   8.34431E-09
7.18000   8.28162E-09
7.19000   8.21927E-09
7.20000   8.15723E-09
7.21000   8.09553E-09
7.22000   8.03415E-09
7.23000   7.97310E-09
7.24000   7.91238E-09
7.25000   7.85199E-09
7.26000   7.79193E-09
7.27000   7.73221E-09
7.28000   7.67281E-09
7.29000   7.61375E-09
7.30000   7.55501E-09
7.31000   7.49661E-09
7.32000   7.43855E-09
7.33000   7.38081E-09
7.34000   7.32341E-09
7.35000   7.26634E-09
7.36000   7.20961E-09
7.37000   7.15321E-09
7.38000   7.09714E-09
7.39000   7.04140E-09
7.40000   6.98600E-09
7.41000   6.93094E-09
7.42000   6.87620E-09
7.43000   6.82180E-09
7.44000   6.76773E-09
7.45000   6.71399E-09
7.46000   6.66059E-09
7.47000   6.60751E-09
7.48000   6.55477E-09
7.49000   6.50236E-09
7.50000   6.45027E-09
7.51000   6.39852E-09
7.52000   6.34710E-09
7.53000   6.29600E-09
7.54000   6.24524E-09
7.55000   6.19480E-09
7.56000   6.14468E-09
7.57000   6.09490E-09
7.58000   6.04544E-09
7.59000   5.99630E-09
7.60000   5.94749E-09
7.61000   5.89900E-09
7.62000   5.85084E-09
7.63000   5.80299E-09
7.64000   5.75547E-09
7.65000   5.70827E-09
7.66000   5.66138E-09
7.67000   5.61482E-09
7.68000   5.56857E-09
7.69000   5.52264E-09
7.70000   5.47702E-09
7.71000   5.43171E-09
7.72000   5.38672E-09
7.73000   5.34205E-09
7.74000   5.29768E-09
7.75000   5.25362E-09
7.76000   5.20988E-09
7.77000   5.16644E-09
7.78000   5.12330E-09
7.79000   5.08047E-09
7.80000   5.03795E-09
7.81000   4.99573E-09
7.82000   4.95381E-09
7.83000   4.91219E-09
7.84000   4.87087E-09
7.85000   4.82984E-09
7.86000   4.78912E-09
7.87000   4.74869E-09
7.88000   4.70855E-09
7.89000   4.66870E-09
7.90000   4.62915E-09
7.91000   4.58989E-09
7.92000   4.55091E-09
7.93000   4.51223E-09
7.94000   4.47382E-09
7.95000   4.43571E-09
7.96000   4.39787E-09
7.97000   4.36032E-09
7.98000   4.32305E-09
7.99000   4.28605E-09
8.00000   4.24934E-09
